[0, 242]
[0, 200]
[0, 190]
[1, 121]
[1, 109]
[1, 93]
[1, 91]
[1, 63]
[1, 53]
[2, 218]
[2, 152]
[2, 120]
[2, 114]
[2, 112]
[2, 70]
[2, 68]
[2, 52]
[3, 15]
[3, 7]
[4, 218]
[4, 152]
[4, 120]
[4, 114]
[4, 112]
[4, 70]
[4, 68]
[4, 52]
[7, 45]
[7, 43]
[7, 41]
[7, 9]
[8, 16]
[9, 15]
[10, 220]
[10, 186]
[10, 150]
[10, 148]
[10, 104]
[11, 139]
[11, 85]
[12, 220]
[12, 186]
[12, 150]
[12, 148]
[12, 104]
[13, 139]
[13, 85]
[14, 218]
[14, 152]
[14, 120]
[14, 114]
[14, 112]
[14, 70]
[14, 68]
[14, 52]
[15, 45]
[15, 43]
[15, 41]
[16, 40]
[17, 27]
[24, 36]
[25, 29]
[26, 34]
[28, 36]
[29, 33]
[37, 39]
[42, 218]
[42, 152]
[42, 120]
[42, 114]
[42, 112]
[42, 70]
[42, 68]
[42, 52]
[44, 218]
[44, 152]
[44, 120]
[44, 114]
[44, 112]
[44, 70]
[44, 68]
[44, 52]
[46, 220]
[46, 186]
[46, 150]
[46, 148]
[46, 104]
[47, 285]
[47, 275]
[48, 280]
[48, 144]
[48, 142]
[48, 80]
[48, 72]
[49, 139]
[49, 85]
[50, 220]
[50, 186]
[50, 150]
[50, 148]
[50, 104]
[51, 139]
[51, 85]
[53, 219]
[53, 147]
[53, 115]
[53, 113]
[53, 111]
[53, 69]
[53, 67]
[54, 78]
[55, 61]
[57, 261]
[57, 259]
[57, 161]
[57, 59]
[58, 230]
[58, 224]
[58, 222]
[58, 214]
[58, 212]
[58, 210]
[58, 198]
[58, 170]
[58, 96]
[59, 267]
[59, 257]
[59, 255]
[59, 251]
[59, 245]
[59, 241]
[59, 229]
[59, 209]
[59, 207]
[59, 205]
[59, 203]
[59, 197]
[59, 169]
[59, 155]
[60, 166]
[61, 157]
[62, 164]
[63, 219]
[63, 147]
[63, 115]
[63, 113]
[63, 111]
[63, 69]
[63, 67]
[64, 164]
[65, 293]
[65, 253]
[65, 249]
[65, 239]
[65, 227]
[65, 153]
[65, 107]
[65, 95]
[65, 89]
[66, 130]
[66, 124]
[67, 121]
[67, 109]
[67, 93]
[67, 91]
[69, 121]
[69, 109]
[69, 93]
[69, 91]
[71, 293]
[71, 253]
[71, 249]
[71, 239]
[71, 227]
[71, 153]
[71, 107]
[71, 95]
[71, 89]
[72, 288]
[72, 284]
[72, 282]
[72, 274]
[72, 270]
[72, 138]
[72, 84]
[73, 281]
[73, 145]
[73, 143]
[73, 83]
[73, 79]
[75, 281]
[75, 145]
[75, 143]
[75, 83]
[75, 79]
[79, 81]
[80, 288]
[80, 284]
[80, 282]
[80, 274]
[80, 270]
[80, 138]
[80, 84]
[81, 281]
[81, 145]
[81, 143]
[81, 83]
[84, 280]
[84, 144]
[84, 142]
[85, 271]
[85, 217]
[85, 119]
[85, 117]
[85, 103]
[85, 101]
[87, 285]
[87, 275]
[88, 130]
[88, 124]
[89, 291]
[89, 269]
[89, 247]
[89, 123]
[90, 242]
[90, 200]
[90, 190]
[91, 219]
[91, 147]
[91, 115]
[91, 113]
[91, 111]
[92, 164]
[93, 219]
[93, 147]
[93, 115]
[93, 113]
[93, 111]
[94, 164]
[95, 291]
[95, 269]
[95, 247]
[95, 123]
[96, 258]
[96, 256]
[96, 254]
[96, 250]
[96, 244]
[96, 240]
[96, 228]
[96, 208]
[96, 206]
[96, 204]
[96, 202]
[96, 196]
[96, 156]
[96, 154]
[97, 237]
[97, 225]
[97, 223]
[97, 221]
[97, 213]
[97, 211]
[97, 199]
[97, 189]
[97, 105]
[99, 233]
[99, 171]
[100, 220]
[100, 186]
[100, 150]
[100, 148]
[100, 104]
[101, 139]
[102, 220]
[102, 186]
[102, 150]
[102, 148]
[102, 104]
[103, 139]
[104, 272]
[104, 216]
[104, 118]
[104, 116]
[105, 231]
[105, 187]
[106, 242]
[106, 200]
[106, 190]
[107, 291]
[107, 269]
[107, 247]
[107, 123]
[108, 242]
[108, 200]
[108, 190]
[109, 219]
[109, 147]
[109, 115]
[109, 113]
[109, 111]
[110, 164]
[111, 121]
[113, 121]
[115, 121]
[116, 220]
[116, 186]
[116, 150]
[116, 148]
[117, 139]
[118, 220]
[118, 186]
[118, 150]
[118, 148]
[119, 139]
[121, 219]
[121, 147]
[122, 164]
[123, 293]
[123, 253]
[123, 249]
[123, 239]
[123, 227]
[123, 153]
[124, 292]
[124, 290]
[124, 248]
[124, 146]
[126, 140]
[126, 134]
[126, 132]
[126, 128]
[130, 292]
[130, 290]
[130, 248]
[130, 146]
[137, 285]
[137, 275]
[138, 280]
[138, 144]
[138, 142]
[139, 271]
[139, 217]
[142, 288]
[142, 284]
[142, 282]
[142, 274]
[142, 270]
[144, 288]
[144, 284]
[144, 282]
[144, 274]
[144, 270]
[148, 272]
[148, 216]
[149, 233]
[149, 171]
[150, 272]
[150, 216]
[151, 233]
[151, 171]
[153, 291]
[153, 269]
[153, 247]
[154, 230]
[154, 224]
[154, 222]
[154, 214]
[154, 212]
[154, 210]
[154, 198]
[154, 170]
[155, 261]
[155, 259]
[155, 161]
[156, 230]
[156, 224]
[156, 222]
[156, 214]
[156, 212]
[156, 210]
[156, 198]
[156, 170]
[159, 181]
[159, 179]
[159, 177]
[159, 173]
[161, 267]
[161, 257]
[161, 255]
[161, 251]
[161, 245]
[161, 241]
[161, 229]
[161, 209]
[161, 207]
[161, 205]
[161, 203]
[161, 197]
[161, 169]
[162, 264]
[162, 262]
[166, 266]
[166, 260]
[166, 168]
[169, 261]
[169, 259]
[170, 258]
[170, 256]
[170, 254]
[170, 250]
[170, 244]
[170, 240]
[170, 228]
[170, 208]
[170, 206]
[170, 204]
[170, 202]
[170, 196]
[171, 215]
[171, 185]
[172, 234]
[174, 234]
[175, 243]
[175, 201]
[175, 195]
[178, 234]
[180, 234]
[182, 236]
[182, 184]
[185, 233]
[186, 272]
[186, 216]
[187, 237]
[187, 225]
[187, 223]
[187, 221]
[187, 213]
[187, 211]
[187, 199]
[187, 189]
[189, 231]
[190, 268]
[190, 252]
[190, 246]
[190, 238]
[190, 226]
[191, 243]
[191, 201]
[191, 195]
[193, 243]
[193, 201]
[193, 195]
[196, 230]
[196, 224]
[196, 222]
[196, 214]
[196, 212]
[196, 210]
[196, 198]
[197, 261]
[197, 259]
[198, 258]
[198, 256]
[198, 254]
[198, 250]
[198, 244]
[198, 240]
[198, 228]
[198, 208]
[198, 206]
[198, 204]
[198, 202]
[199, 231]
[200, 268]
[200, 252]
[200, 246]
[200, 238]
[200, 226]
[202, 230]
[202, 224]
[202, 222]
[202, 214]
[202, 212]
[202, 210]
[203, 261]
[203, 259]
[204, 230]
[204, 224]
[204, 222]
[204, 214]
[204, 212]
[204, 210]
[205, 261]
[205, 259]
[206, 230]
[206, 224]
[206, 222]
[206, 214]
[206, 212]
[206, 210]
[207, 261]
[207, 259]
[208, 230]
[208, 224]
[208, 222]
[208, 214]
[208, 212]
[208, 210]
[209, 261]
[209, 259]
[210, 258]
[210, 256]
[210, 254]
[210, 250]
[210, 244]
[210, 240]
[210, 228]
[211, 231]
[212, 258]
[212, 256]
[212, 254]
[212, 250]
[212, 244]
[212, 240]
[212, 228]
[213, 231]
[214, 258]
[214, 256]
[214, 254]
[214, 250]
[214, 244]
[214, 240]
[214, 228]
[215, 233]
[216, 220]
[220, 272]
[221, 231]
[222, 258]
[222, 256]
[222, 254]
[222, 250]
[222, 244]
[222, 240]
[222, 228]
[223, 231]
[224, 258]
[224, 256]
[224, 254]
[224, 250]
[224, 244]
[224, 240]
[224, 228]
[225, 231]
[226, 242]
[227, 291]
[227, 269]
[227, 247]
[228, 230]
[229, 261]
[229, 259]
[230, 258]
[230, 256]
[230, 254]
[230, 250]
[230, 244]
[230, 240]
[231, 237]
[238, 242]
[239, 291]
[239, 269]
[239, 247]
[241, 261]
[241, 259]
[242, 268]
[242, 252]
[242, 246]
[245, 261]
[245, 259]
[247, 293]
[247, 253]
[247, 249]
[249, 291]
[249, 269]
[251, 261]
[251, 259]
[253, 291]
[253, 269]
[255, 261]
[255, 259]
[257, 261]
[257, 259]
[259, 267]
[261, 267]
[269, 293]
[270, 280]
[273, 285]
[273, 275]
[274, 280]
[275, 289]
[275, 287]
[275, 283]
[275, 279]
[276, 286]
[276, 278]
[279, 285]
[280, 288]
[280, 284]
[280, 282]
[283, 285]
[285, 289]
[285, 287]
[291, 293]
