[89, 95, 107, 153, 227, 239, 249, 253, 293]
[51, 67, 69]
[1, 7, 39, 41, 43]
[5, 37, 39, 41]
[1]
[1, 3, 39, 41]
[1, 37, 39]
[27, 29, 31]
[25]
[5]
[3]
[17]
[13]
[1, 9]
[1]
[5]
[1]
[3]
[1, 3]
[1]
[3, 5]
[1]
[25]
[25]
[1, 3]
[33]
[27, 29, 31]
[1, 3]
[33, 37]
[27, 29, 31]
[1, 3]
[1]
[3]
[1, 35]
[1]
[1, 35, 39]
[1, 37]
[1]
[1, 33]
[5]
[1, 3]
[7]
[5]
[1]
[1, 33]
[5, 33]
[1, 3]
[1]
[27]
[1]
[1, 33]
[5, 33, 35]
[1, 3]
[1]
[27, 29]
[1]
[1, 11]
[5]
[1, 11, 39]
[5, 37]
[1, 11, 39, 41]
[5, 37, 39]
[9, 11]
[7]
[1]
[1]
[1]
[1, 23]
[1, 3]
[1]
[17]
[7, 11]
[1, 3]
[3]
[3]
[1, 3, 9]
[1, 7]
[5]
[1, 7]
[5]
[7]
[1, 7, 39, 41, 43]
[5, 37, 39, 41]
[1, 3, 39, 41]
[1, 37, 39]
[27, 29, 31]
[1, 3]
[1]
[3, 5]
[1]
[15]
[9, 11]
[1]
[1, 7, 39, 41, 43]
[5, 37, 39, 41]
[1, 3, 39, 41]
[1, 37, 39]
[27, 29, 31]
[1, 3]
[1]
[3, 5]
[1]
[15, 17]
[9, 11]
[1]
[1]
[5, 17, 63, 137, 149, 159, 163, 203]
[9, 93, 103, 115, 117, 125, 127, 129, 141]
[1]
[5]
[1, 47, 121, 133, 143, 147, 187]
[45, 119, 131, 141, 145, 185]
[1, 13]
[1, 3, 9, 41]
[1, 7, 39]
[5, 37]
[1]
[23]
[5, 17]
[3]
[11]
[1, 3, 9]
[1, 7]
[5]
[3]
[1]
[1, 3]
[3, 7, 9, 15]
[1]
[1]
[3]
[1]
[3, 5]
[1]
[3, 5, 7]
[1]
[5]
[1, 3]
[1, 3]
[1]
[27]
[1]
[23]
[1]
[1, 33]
[5]
[1, 3]
[1, 3, 35]
[1, 7]
[11]
[1, 3, 9]
[1, 7]
[5]
[1, 15, 43, 49, 51, 53, 55, 75, 87, 91, 97, 101, 103, 113]
[13, 41, 47, 49, 51, 53, 73, 85, 89, 95, 99, 101, 111]
[3]
[7]
[3]
[19, 29, 41, 43, 51, 53, 55, 67]
[13]
[1, 5, 7, 9]
[3, 5, 7]
[1, 5]
[1, 5, 7]
[5, 11, 53]
[1, 7, 9, 11, 13, 33, 45, 49, 55, 59, 61, 71]
[1, 13, 15, 23, 25, 27, 39]
[1, 43]
[1, 3, 5, 7, 27, 39, 43, 49, 53, 55, 65]
[1, 3, 5, 25, 37, 41, 47, 51, 53, 63]
[1, 3, 23, 35, 39, 45, 49, 51, 61]
[1, 21, 33, 37, 43, 47, 49, 59]
[1, 3, 11, 13, 15, 27]
[1, 9, 11, 13, 25]
[7, 9, 11, 23]
[5]
[1]
[1, 3, 15]
[1, 13]
[1, 13, 23, 27, 67]
[1, 13, 17, 23, 27, 29, 39]
[7]
[1]
[3]
[1, 11, 15, 55]
[1, 5, 11, 15, 17, 27]
[1]
[1, 7, 11, 13, 23]
[3, 7, 47]
[1, 5, 7, 17]
[1, 41]
[1, 3, 13]
[1, 11]
[9]
[1, 7]
[5]
[1]
[25]
[21, 23]
[3, 9, 13, 17, 19]
[5, 9, 13, 15]
[1]
[1, 5, 7]
[3, 5]
[1]
[1, 5]
[3]
[3]
[3, 11]
[3, 5]
[1]
[7]
[3, 5]
[3, 11]
[3, 5, 9]
[1]
[1, 5]
[1]
[1]
[1]
[1, 9]
[5]
[1]
[1, 9, 11]
[5, 9]
[1]
[1, 9, 11, 15]
[5, 9, 13]
[3, 9, 13, 17, 19]
[5, 9, 13, 15]
[1]
[1, 5, 7]
[3, 5]
[1]
[1, 3]
[15]
[1, 3, 13]
[1, 11]
[9]
[3, 5]
[3, 5, 7]
[1]
[1]
[1, 43, 45]
[3, 19]
[1, 5, 7, 17]
[1]
[21]
[3, 19]
[15]
[21, 43]
[3, 19]
[15]
[21]
[5]
[3]
[5, 9]
[3, 7]
[5, 9, 11]
[3, 7]
[1, 5]
[5, 9, 11, 13]
[3, 7]
[1, 5, 7]
[3]
[3, 9]
[1]
[1]
[3, 9, 13]
[1]
[1, 7]
[3, 9, 13, 15]
[1]
[1, 7, 11]
[3, 9, 13, 15, 17]
[1]
[1, 7, 11, 13]
[7]
[1, 5]
[1]
[7, 13]
[1, 5, 11]
[1]
[1, 7]
[3]
[7, 13, 29]
[1, 5, 11, 15, 17, 27]
[1]
[1, 7, 11, 13, 23]
[3, 7]
[11]
[7]
[11, 15]
[7]
[1]
[11, 15, 21]
[7]
[1, 11]
[1, 5]
[11, 15, 21, 25]
[7]
[1, 11, 15]
[1, 5, 11]
[11, 15, 21, 25, 27]
[7]
[1, 11, 15]
[1, 5, 11, 15]
[11, 15, 21, 25, 27, 29]
[7]
[1, 11, 15]
[1, 5, 11, 15, 17]
[11]
[1]
[7]
[11, 19]
[1, 13, 17]
[7]
[1]
[11, 19, 25]
[1, 13, 17, 23]
[7]
[1, 11]
[11, 19, 25, 41]
[1, 13, 17, 23, 27, 29, 39]
[7]
[1, 11, 15]
[5]
[1, 7]
[1]
[5]
[5]
[5]
[1, 3, 9]
[1, 3]
[1]
[1, 9]
[7]
[1, 9, 11]
[7, 9]
[1, 9, 11, 17]
[7, 9, 11]
[1, 3]
[1, 3, 11]
[1, 9]
[1, 3, 11, 13]
[1, 9, 11]
[1, 3, 11, 13, 19]
[1, 9, 11, 13]
[19]
[1, 3, 11, 13, 15]
[1, 9, 11, 13]
[7, 9, 11]
[1, 3]
[1]
[19, 31]
[1, 3, 11, 13, 15, 27]
[1, 9, 11, 13, 25]
[7, 9, 11, 23]
[1, 3, 15]
[1, 13]
[1, 13]
[1]
[19, 31, 35]
[1, 3, 11, 13, 15, 27]
[1, 9, 11, 13, 25]
[7, 9, 11, 23]
[1, 3, 15]
[1, 13]
[1, 13]
[1, 13]
[19, 31, 35, 41]
[1, 3, 11, 13, 15, 27]
[1, 9, 11, 13, 25]
[7, 9, 11, 23]
[1, 3, 15]
[1, 13]
[1, 13, 23]
[1, 13, 17]
[19, 31, 35, 41, 45]
[1, 3, 11, 13, 15, 27]
[1, 9, 11, 13, 25]
[7, 9, 11, 23]
[1, 3, 15]
[1, 13]
[1, 13, 23, 27]
[1, 13, 17, 23]
[19, 31, 35, 41, 45, 47]
[1, 3, 11, 13, 15, 27]
[1, 9, 11, 13, 25]
[7, 9, 11, 23]
[1, 3, 15]
[1, 13]
[1, 13, 23, 27]
[1, 13, 17, 23, 27]
[19, 31, 35, 41, 45, 47, 49]
[1, 3, 11, 13, 15, 27]
[1, 9, 11, 13, 25]
[7, 9, 11, 23]
[1, 3, 15]
[1, 13]
[1, 13, 23, 27]
[1, 13, 17, 23, 27, 29]
[1, 21]
[1]
[1, 21, 33]
[1, 21]
[1, 21, 33, 37]
[1, 21, 33]
[1, 21, 33, 37, 43]
[1, 21, 33, 37]
[1, 21, 33, 37, 43, 47]
[1, 21, 33, 37, 43]
[1, 21, 33, 37, 43, 47, 49]
[1, 21, 33, 37, 43, 47]
[1, 21, 33, 37, 43, 47, 49, 51]
[1, 21, 33, 37, 43, 47, 49]
[1, 3, 23]
[1, 3]
[1, 3, 23, 35]
[1, 3, 23]
[1, 3, 23, 35, 39]
[1, 3, 23, 35]
[1, 3, 23, 35, 39, 45]
[1, 3, 23, 35, 39]
[1, 3, 23, 35, 39, 45, 49]
[1, 3, 23, 35, 39, 45]
[1, 3, 23, 35, 39, 45, 49, 51]
[1, 3, 23, 35, 39, 45, 49]
[1, 3, 23, 35, 39, 45, 49, 51, 53]
[1, 3, 23, 35, 39, 45, 49, 51]
[1, 3, 5]
[1, 3, 5, 25]
[1, 3, 5]
[1, 3, 5, 25, 37]
[1, 3, 5, 25]
[1, 3, 5, 25, 37, 41]
[1, 3, 5, 25, 37]
[1, 3, 5, 25, 37, 41, 47]
[1, 3, 5, 25, 37, 41]
[1, 3, 5, 25, 37, 41, 47, 51]
[1, 3, 5, 25, 37, 41, 47]
[1, 3, 5, 25, 37, 41, 47, 51, 53]
[1, 3, 5, 25, 37, 41, 47, 51]
[1, 3, 5, 25, 37, 41, 47, 51, 53, 55]
[1, 3, 5, 25, 37, 41, 47, 51, 53]
[41]
[1, 3, 5, 7, 27, 39]
[1, 3, 5, 25, 37]
[1, 3, 23, 35]
[1, 21, 33]
[1, 3, 11, 13, 15, 27]
[1, 9, 11, 13, 25]
[7, 9, 11, 23]
[1, 3, 15]
[1, 13]
[1, 13]
[1, 13]
[7]
[11]
[1]
[1, 3, 5, 7]
[1, 3, 5]
[11, 13]
[1]
[1, 3, 5, 7]
[1, 3, 5]
[1, 3]
[11, 13, 15]
[1]
[1, 3, 5, 7]
[1, 3, 5]
[1, 3]
[1]
[11, 13, 15, 23]
[1]
[1, 3, 5, 7]
[1, 3, 5]
[1, 3]
[1]
[1, 3, 11]
[11, 13, 15, 23, 25]
[1]
[1, 3, 5, 7]
[1, 3, 5]
[1, 3]
[1]
[1, 3, 11, 13]
[11, 13, 15, 23, 25, 31]
[1]
[1, 3, 5, 7, 27]
[1, 3, 5, 25]
[1, 3, 23]
[1, 21]
[1, 3, 11, 13, 15]
[5]
[5, 7]
[1]
[5, 7, 9]
[1]
[1]
[5, 7, 9, 11]
[1]
[1]
[5, 7, 9, 11, 31]
[1, 13, 15, 23, 25, 27]
[1]
[1, 3, 5, 7]
[5, 7, 9, 11, 31, 43]
[1, 13, 15, 23, 25, 27, 39]
[1]
[1, 3, 5, 7, 27]
[5, 7, 9, 11, 31, 43, 47]
[1, 13, 15, 23, 25, 27, 39]
[1, 43]
[1, 3, 5, 7, 27, 39]
[5, 7, 9, 11, 31, 43, 47, 53]
[1, 13, 15, 23, 25, 27, 39]
[1, 43]
[1, 3, 5, 7, 27, 39, 43]
[5, 7, 9, 11, 31, 43, 47, 53, 57]
[1, 13, 15, 23, 25, 27, 39]
[1, 43]
[1, 3, 5, 7, 27, 39, 43, 49]
[5, 7, 9, 11, 31, 43, 47, 53, 57, 59]
[1, 13, 15, 23, 25, 27, 39]
[1, 43]
[1, 3, 5, 7, 27, 39, 43, 49, 53]
[5, 7, 9, 11, 31, 43, 47, 53, 57, 59, 61]
[1, 13, 15, 23, 25, 27, 39]
[1, 43]
[1, 3, 5, 7, 27, 39, 43, 49, 53, 55]
[1, 3]
[1]
[5]
[1, 3]
[1]
[5, 47]
[1, 7, 9, 11, 13, 33, 45]
[1, 13, 15, 23, 25, 27, 39]
[1]
[13]
[1]
[1]
[9]
[5]
[13]
[1]
[1]
[9, 21]
[5, 11]
[1, 7, 9, 11, 13]
[1]
[13]
[1]
[1]
[9, 21, 23]
[5, 11]
[1, 7, 9, 11, 13]
[1, 13]
[13]
[1, 35]
[1]
[9, 21, 23, 25]
[5, 11]
[1, 7, 9, 11, 13]
[1, 13, 15]
[29]
[1]
[9, 21, 23, 25]
[11, 13, 15]
[13]
[1, 35]
[1]
[9, 21, 23, 25, 33]
[5, 11]
[1, 7, 9, 11, 13]
[1, 13, 15, 23]
[13]
[1, 35]
[1]
[9, 21, 23, 25, 33, 35]
[5, 11]
[1, 7, 9, 11, 13]
[1, 13, 15, 23, 25]
[13, 65]
[1, 35]
[1, 45]
[9, 21, 23, 25, 33, 35, 41]
[5, 11]
[1, 7, 9, 11, 13, 33]
[1, 13, 15, 23, 25, 27]
[43]
[9, 21, 23, 25, 33, 35, 41]
[11, 13, 15, 23, 25, 31]
[1, 3, 11, 13, 19]
[1, 9, 11, 17]
[5]
[1, 3, 9]
[1, 7]
[5]
[1, 5, 7, 9]
[3, 5, 7]
[1, 3]
[1]
[1]
[49]
[1, 35]
[1, 45]
[9, 21, 23, 25, 33, 35, 41]
[11, 13, 15, 23, 25, 31]
[1, 3, 11, 13, 19]
[1, 9, 11, 17]
[5]
[1, 3, 9]
[1, 7]
[5]
[3]
[7]
[27]
[19]
[5]
[3]
[7]
[27, 33]
[19, 29]
[5, 11]
[1]
[3]
[7]
[27, 33, 35]
[19, 29]
[5, 11]
[1, 7]
[3]
[7]
[27, 33, 35, 37]
[19, 29]
[5, 11]
[1, 7, 9]
[3]
[7]
[27, 33, 35, 37, 39]
[19, 29]
[5, 11]
[1, 7, 9, 11]
[3]
[7]
[27, 33, 35, 37, 39, 59]
[19, 29, 41, 43, 51, 53, 55]
[5, 11]
[1, 7, 9, 11, 13]
[3]
[7]
[27, 33, 35, 37, 39, 59, 71]
[19, 29, 41, 43, 51, 53, 55, 67]
[5, 11]
[1, 7, 9, 11, 13, 33]
[3]
[7]
[27, 33, 35, 37, 39, 59, 71, 75]
[19, 29, 41, 43, 51, 53, 55, 67]
[5, 11, 53]
[1, 7, 9, 11, 13, 33, 45]
[3]
[7]
[27, 33, 35, 37, 39, 59, 71, 75, 81]
[19, 29, 41, 43, 51, 53, 55, 67]
[5, 11, 53]
[1, 7, 9, 11, 13, 33, 45, 49]
[3]
[7]
[27, 33, 35, 37, 39, 59, 71, 75, 81, 85]
[19, 29, 41, 43, 51, 53, 55, 67]
[5, 11, 53]
[1, 7, 9, 11, 13, 33, 45, 49, 55]
[3]
[7]
[27, 33, 35, 37, 39, 59, 71, 75, 81, 85, 87]
[19, 29, 41, 43, 51, 53, 55, 67]
[5, 11, 53]
[1, 7, 9, 11, 13, 33, 45, 49, 55, 59]
[3]
[7, 99, 105]
[27, 33, 35, 37, 39, 59, 71, 75, 81, 85, 87, 89]
[19, 29, 41, 43, 51, 53, 55, 67]
[5, 11, 53]
[1, 7, 9, 11, 13, 33, 45, 49, 55, 59, 61]
[3]
[1]
[91]
[27, 33, 35, 37, 39, 59, 71, 75, 81, 85, 87, 89]
[5, 7, 9, 11, 31, 43, 47, 53, 57, 59, 61]
[1, 3, 5, 25, 37, 41, 47, 51, 53, 55]
[1, 3, 23, 35, 39, 45, 49, 51, 53]
[1, 21, 33, 37, 43, 47, 49, 51]
[19, 31, 35, 41, 45, 47, 49]
[11, 15, 21, 25, 27, 29]
[3, 9, 13, 15, 17]
[5, 9, 11, 13]
[3, 5, 7]
[3]
[1]
[91, 93]
[27, 33, 35, 37, 39, 59, 71, 75, 81, 85, 87, 89]
[5, 7, 9, 11, 31, 43, 47, 53, 57, 59, 61]
[1, 3, 5, 25, 37, 41, 47, 51, 53, 55]
[1, 3, 23, 35, 39, 45, 49, 51, 53]
[1, 21, 33, 37, 43, 47, 49, 51]
[19, 31, 35, 41, 45, 47, 49]
[11, 15, 21, 25, 27, 29]
[3, 9, 13, 15, 17]
[5, 9, 11, 13]
[3, 5, 7]
[1, 3]
[1]
[1, 41]
[13]
[1, 41, 47]
[13, 41]
[1, 41, 47, 49]
[13, 41, 47]
[1, 41, 47, 49, 51]
[13, 41, 47, 49]
[1, 41, 47, 49, 51, 53]
[13, 41, 47, 49, 51]
[1, 41, 47, 49, 51, 53, 73]
[13, 41, 47, 49, 51, 53]
[1, 41, 47, 49, 51, 53, 73, 85]
[13, 41, 47, 49, 51, 53, 73]
[1, 41, 47, 49, 51, 53, 73, 85, 89]
[13, 41, 47, 49, 51, 53, 73, 85]
[1, 41, 47, 49, 51, 53, 73, 85, 89, 95]
[13, 41, 47, 49, 51, 53, 73, 85, 89]
[1, 41, 47, 49, 51, 53, 73, 85, 89, 95, 99]
[13, 41, 47, 49, 51, 53, 73, 85, 89, 95]
[1, 41, 47, 49, 51, 53, 73, 85, 89, 95, 99, 101]
[13, 41, 47, 49, 51, 53, 73, 85, 89, 95, 99]
[1, 41, 47, 49, 51, 53, 73, 85, 89, 95, 99, 101, 103]
[13, 41, 47, 49, 51, 53, 73, 85, 89, 95, 99, 101]
[1, 13]
[1, 3, 9, 41, 107]
[1, 7, 39, 105]
[5, 37, 103]
[1]
[23]
[5, 71]
[73]
[1, 15, 43, 49, 51, 53, 55]
[13, 41, 47, 49, 51, 53]
[19, 29, 41, 43, 51, 53, 55]
[5, 11]
[1, 7, 9, 11, 13]
[1, 13, 15, 23, 25, 27]
[1]
[1, 3, 5, 7]
[1, 3, 5]
[1, 3]
[1]
[1, 3, 11, 13, 15]
[1, 9, 11, 13]
[7, 9, 11]
[1, 3, 37, 67]
[1, 35, 65]
[]
[]
[29]
[35]
[]
[1]
[1, 37]
[1, 35]
[]
[1, 3, 101]
[1, 99]
[27]
[97]
[27]
[1, 3, 37, 67]
[1, 35, 65]
[]
[29]
[1, 99]
[1]
[1, 33]
[1, 3, 35]
[1, 13]
[1, 3, 9, 41, 107]
[1, 7, 39, 105]
[5, 37, 103]
[1]
[23]
[5, 71]
[73, 85]
[1, 15, 43, 49, 51, 53, 55, 75]
[13, 41, 47, 49, 51, 53, 73]
[19, 29, 41, 43, 51, 53, 55, 67]
[5, 11]
[1, 7, 9, 11, 13, 33]
[1, 13, 15, 23, 25, 27, 39]
[1]
[1, 3, 5, 7, 27]
[1, 3, 5, 25]
[1, 3, 23]
[1, 21]
[1, 3, 11, 13, 15, 27]
[1, 9, 11, 13, 25]
[7, 9, 11, 23]
[1, 3, 15]
[1, 13]
[1]
[]
[1, 13]
[1, 3, 9, 41, 107]
[1, 7, 39, 105]
[5, 37, 103]
[1]
[23, 125]
[5, 71]
[73, 85, 93]
[1, 15, 43, 49, 51, 53, 55, 75, 87, 91]
[13, 41, 47, 49, 51, 53, 73, 85, 89]
[19, 29, 41, 43, 51, 53, 55, 67]
[5, 11, 53]
[1, 7, 9, 11, 13, 33, 45, 49]
[1, 13, 15, 23, 25, 27, 39]
[1, 43]
[1, 3, 5, 7, 27, 39, 43]
[1, 3, 5, 25, 37, 41]
[1, 3, 23, 35, 39]
[1, 21, 33, 37]
[1, 3, 11, 13, 15, 27]
[1, 9, 11, 13, 25]
[7, 9, 11, 23]
[1, 3, 15]
[1, 13]
[1, 13]
[]
[5, 17]
[11]
[1, 3]
[1]
[101]
[5, 71]
[73, 85, 93]
[11, 19]
[7]
[]
[1, 13]
[1, 3, 9, 41, 107]
[1, 7, 39, 105]
[5, 37, 103]
[1]
[23, 125]
[5, 71]
[73, 85, 93, 99]
[1, 15, 43, 49, 51, 53, 55, 75, 87, 91, 97]
[13, 41, 47, 49, 51, 53, 73, 85, 89, 95]
[19, 29, 41, 43, 51, 53, 55, 67]
[5, 11, 53]
[1, 7, 9, 11, 13, 33, 45, 49, 55]
[1, 13, 15, 23, 25, 27, 39]
[1, 43]
[1, 3, 5, 7, 27, 39, 43, 49]
[1, 3, 5, 25, 37, 41, 47]
[1, 3, 23, 35, 39, 45]
[1, 21, 33, 37, 43]
[1, 3, 11, 13, 15, 27]
[1, 9, 11, 13, 25]
[7, 9, 11, 23]
[1, 3, 15]
[1, 13]
[1, 13, 23]
[]
[1, 13]
[1, 3, 9, 41, 107]
[1, 7, 39, 105]
[5, 37, 103]
[1]
[23, 125, 167, 169]
[5, 71]
[73, 85, 93, 99, 115]
[1, 15, 43, 49, 51, 53, 55, 75, 87, 91, 97, 101, 103, 113]
[13, 41, 47, 49, 51, 53, 73, 85, 89, 95, 99, 101, 111]
[19, 29, 41, 43, 51, 53, 55, 67]
[5, 11, 53]
[1, 7, 9, 11, 13, 33, 45, 49, 55, 59, 61, 71]
[1, 13, 15, 23, 25, 27, 39]
[1, 43]
[1, 3, 5, 7, 27, 39, 43, 49, 53, 55, 65]
[1, 3, 5, 25, 37, 41, 47, 51, 53, 63]
[1, 3, 23, 35, 39, 45, 49, 51, 61]
[1, 21, 33, 37, 43, 47, 49, 59]
[1, 3, 11, 13, 15, 27]
[1, 9, 11, 13, 25]
[7, 9, 11, 23]
[1, 3, 15]
[1, 13]
[1, 13, 23, 27]
[]
[5, 17]
[11]
[1, 3, 139]
[1, 137]
[101, 123]
[5, 71]
[73, 85, 93, 99, 115]
[11, 19, 25, 41]
[7, 13, 29]
[1]
[]
[135]
[101, 123]
[21]
[3, 9]
[5]
[1, 137]
[1]
[5, 17]
[11]
[1, 3, 139]
[1, 137]
[101, 123, 145]
[5, 71]
[73, 85, 93, 99, 115]
[11, 19, 25, 41]
[7, 13, 29]
[1, 43]
[]
[1]
[1, 119]
[45]
[1, 119, 131]
[45, 119]
[1, 119, 131, 139]
[45, 119, 131]
[1, 119, 131, 139, 145]
[45, 119, 131, 141]
[1, 119, 131, 139, 145, 161]
[45, 119, 131, 141, 145]
[1, 91]
[5, 49, 51, 87]
[65]
[1, 47]
[45]
[1, 15]
[13]
[1, 3, 17, 19]
[1, 15, 17]
[]
[13]
[]
[1]
[27]
[13, 15]
[]
[1, 15]
[1]
[1, 15, 17]
[1, 15]
[1, 37]
[35]
[1, 3, 17, 19]
[1, 15, 17]
[45]
[]
[1]
[27]
[1, 3, 17, 19]
[1, 15, 17]
[45, 47, 81]
[]
[65]
[13]
[1]
[27]
[1, 3, 37]
[89]
[5, 49, 51, 87]
[65]
[13]
[1, 37]
[35]
[1, 91]
[5, 49, 51, 87]
[65, 93]
[1, 47]
[45]
[1, 15, 43]
[13, 41]
[19]
[1, 37]
[35]
[1, 91]
[5, 49, 51, 87]
[65, 93, 105]
[1, 47]
[45]
[1, 15, 43, 49, 51, 53, 55]
[13, 41, 47, 49, 51, 53]
[19, 29]
[1, 37]
[35]
[1, 91]
[5, 49, 51, 87]
[65, 93, 105, 107]
[1, 47]
[45]
[1, 15, 43, 49, 51, 53, 55]
[13, 41, 47, 49, 51, 53]
[19, 29, 41]
[1, 37]
[35]
[1, 91]
[5, 49, 51, 87, 121]
[65, 93, 105, 107, 109]
[1, 47]
[45]
[1, 15, 43, 49, 51, 53, 55]
[13, 41, 47, 49, 51, 53]
[19, 29, 41, 43]
[1, 37, 71]
[35, 69]
[67]
[]
[1, 35, 65]
[1, 3, 17, 19, 117]
[1, 15, 17, 115]
[45, 47, 81, 111]
[65, 93, 105, 107, 109]
[13]
[1]
[1, 99]
[27, 99]
[1, 3, 37, 67]
[1]
[23]
[5, 71]
[13, 15, 113]
[45, 47, 81, 111]
[1, 15, 17, 115]
[1, 15, 17]
[1, 91]
[5, 49, 51, 87, 121]
[65, 93, 105, 107, 109, 117]
[1, 47]
[45]
[1, 15, 43, 49, 51, 53, 55]
[13, 41, 47, 49, 51, 53]
[19, 29, 41, 43, 51]
[1, 37, 71]
[35, 69]
[1, 91]
[5, 49, 51, 87, 121]
[65, 93, 105, 107, 109, 117, 119]
[1, 47]
[45]
[1, 15, 43, 49, 51, 53, 55]
[13, 41, 47, 49, 51, 53]
[19, 29, 41, 43, 51, 53]
[1, 37, 71]
[35, 69]
[1, 91, 135]
[5, 49, 51, 87, 121]
[65, 93, 105, 107, 109, 117, 119, 125]
[1, 47, 121]
[45, 119]
[1, 15, 43, 49, 51, 53, 55, 75]
[13, 41, 47, 49, 51, 53, 73]
[19, 29, 41, 43, 51, 53, 55]
[1, 37, 71]
[35, 69]
[89, 133]
[5, 49, 51, 87, 121]
[65, 93, 105, 107, 109, 117, 119, 125]
[13]
[1, 35]
[1]
[1, 37, 71]
[35, 69]
[1, 3]
[1]
[11]
[9]
[1, 3, 19, 31]
[1, 17, 29]
[11, 13]
[9]
[15]
[11, 13]
[15, 27]
[11, 13]
[1]
[1]
[1, 17]
[1]
[1, 17, 29]
[1, 17]
[1, 3, 19, 31]
[1, 17, 29]
[11, 13, 131]
[9, 93, 103, 115, 117, 125, 127, 129]
[1, 47]
[1, 3, 19, 31]
[1, 17, 29]
[11, 13, 131, 143]
[9, 93, 103, 115, 117, 125, 127, 129, 141]
[1, 47, 121]
[1, 3, 19, 31]
[1, 17, 29]
[11, 13, 131, 143, 151]
[9, 93, 103, 115, 117, 125, 127, 129, 141]
[1, 47, 121, 133]
[1, 3, 19, 31]
[1, 17, 29]
[11, 13, 131, 143, 151, 157]
[9, 93, 103, 115, 117, 125, 127, 129, 141]
[1, 47, 121, 133, 143]
[1, 3, 19, 31]
[1, 17, 29]
[11, 13, 131, 143, 151, 157, 173]
[9, 93, 103, 115, 117, 125, 127, 129, 141]
[1, 47, 121, 133, 143, 147]
[51, 67, 69]
[9, 11, 39, 41]
[1, 29, 31]
[1, 23]
[1, 3]
[1]
[17]
[27]
[1, 23]
[1, 3]
[1]
[17]
[27, 29]
[1, 23]
[1, 3]
[1]
[17]
[7]
[1, 29]
[1]
[7]
[1, 29, 31]
[1, 29]
[51, 67, 69]
[9, 11, 39, 41]
[1, 29, 31]
[1, 23]
[1, 3]
[1]
[17]
[1, 17]
[5]
[51, 67, 69, 111, 113, 119, 151]
[9, 11, 39, 41, 57, 69]
[1, 29, 31, 47, 59]
[1, 23, 81]
[1, 3, 45, 47, 53, 85]
[1, 43, 45, 51, 83]
[17, 75]
[1, 17, 19]
[5, 17]
[7, 11, 71, 73]
[3, 63, 65]
[3, 53]
[35]
[1, 17, 19]
[1, 3, 19, 31]
[1, 17, 29]
[11, 13]
[1]
[1, 13]
[1, 3, 9]
[1, 7]
[5]
[1, 51]
[]
[]
[]
[1]
[59]
[3, 53]
[35]
[5, 17]
[11]
[]
[1]
[59, 61]
[3, 53]
[35]
[5, 17]
[11]
[]
[1, 3, 9]
[1, 7]
[1]
[1, 63]
[3]
[1, 3, 9]
[1, 7]
[1]
[1, 63, 65]
[3, 63]
[41]
[17]
[1, 17, 19]
[1, 3, 19]
[1, 17]
[11, 13]
[41, 43]
[17]
[1, 17, 19]
[1, 3, 19]
[1, 17]
[11, 13]
[1]
[41, 43, 45]
[17]
[1, 17, 19]
[1, 3, 19]
[1, 17]
[11, 13]
[1]
[41, 43, 45, 77]
[17, 75]
[1, 17, 19]
[1, 3, 19, 31]
[1, 17, 29]
[11, 13]
[1]
[1, 13]
[1, 3, 9]
[1, 43]
[1]
[1, 43, 45]
[1, 43]
[1, 43, 45, 47]
[1, 43, 45]
[1, 43, 45, 47, 79]
[1, 43, 45, 51]
[5, 57]
[1, 3, 45, 47, 53]
[1, 43, 45, 51]
[17]
[27, 29, 45]
[1, 23]
[1, 3]
[1]
[17]
[1, 17, 19]
[1, 3]
[27, 29, 45, 57]
[1, 23]
[1, 3, 45, 47, 53]
[1, 43, 45, 51]
[17]
[1, 17, 19]
[1, 3, 19]
[7]
[1, 29, 31, 47]
[1, 29, 31]
[7]
[1, 29, 31, 47, 59]
[1, 29, 31, 47]
[1, 7, 39, 41, 43]
[5, 37, 39, 41]
[1, 3, 39, 41, 91, 93]
[1, 37, 39, 89, 91]
[27, 29, 31]
[1, 3]
[1]
[3, 5, 55, 57]
[1, 51, 53]
[15, 17, 59]
[9, 11, 39, 41, 57]
[1, 29, 31, 47]
[1, 23]
[1, 3]
[49]
[15, 17]
[1]
[]
[1]
[]
[49, 51]
[15, 17]
[1]
[]
[1, 37]
[1, 51]
[1]
[]
[1]
[]
[1, 37]
[1, 51, 53]
[1, 51]
[1]
[]
[33, 37, 87]
[27, 29, 31]
[1, 3]
[1]
[3, 5]
[33, 37, 87, 89]
[27, 29, 31]
[1, 3]
[1]
[3, 5, 55]
[1, 35, 39, 89]
[1, 37, 39]
[1, 35, 39, 89, 91]
[1, 37, 39, 89]
[1, 7, 39, 41, 43]
[5, 37, 39, 41]
[1, 3, 39, 41, 91, 93]
[1, 37, 39, 89, 91]
[27, 29, 31]
[1, 3]
[1]
[3, 5, 55, 57]
[1, 51, 53]
[15, 17, 59, 61]
[9, 11, 39, 41, 57]
[1, 29, 31, 47]
[1, 23]
[1, 3, 45]
[1]
[]
[1, 7, 39, 41, 43]
[5, 37, 39, 41]
[1, 3, 39, 41, 91, 93, 107, 109]
[1, 37, 39, 89, 91, 105, 107]
[27, 29, 31]
[1, 3]
[1]
[3, 5, 55, 57, 71, 73]
[1, 51, 53, 67, 69]
[15, 17, 59, 61, 63]
[9, 11, 39, 41, 57]
[1, 29, 31, 47]
[1, 23]
[1, 3, 45, 47]
[1, 15, 17]
[]
[49, 51, 65]
[15, 17, 59, 61, 63]
[1, 43, 45, 47]
[41, 43, 45]
[49, 51, 65, 67]
[15, 17, 59, 61, 63]
[1, 43, 45, 47]
[41, 43, 45]
[1, 3]
[1, 37]
[1, 51, 53, 67]
[1, 51, 53]
[1]
[]
[1, 37]
[1, 51, 53, 67, 69]
[1, 51, 53, 67]
[1]
[]
[33, 37, 87, 89, 103]
[27, 29, 31]
[1, 3]
[1]
[3, 5, 55, 57]
[33, 37, 87, 89, 103, 105]
[27, 29, 31]
[1, 3]
[1]
[3, 5, 55, 57, 71]
[1, 35, 39, 89, 91, 105]
[1, 37, 39, 89, 91]
[1, 35, 39, 89, 91, 105, 107]
[1, 37, 39, 89, 91, 105]
[1, 7, 39, 41, 43]
[5, 37, 39, 41]
[1, 3, 39, 41, 91, 93, 107, 109]
[1, 37, 39, 89, 91, 105, 107]
[27, 29, 31]
[1, 3]
[1]
[3, 5, 55, 57, 71, 73]
[1, 51, 53, 67, 69]
[15, 17, 59, 61, 63, 95]
[9, 11, 39, 41, 57, 69]
[1, 29, 31, 47, 59]
[1, 23, 81]
[1, 3, 45, 47, 53]
[1, 15, 17]
[45, 47]
[51, 67, 69, 111, 113, 119, 151, 217]
[9, 11, 39, 41, 57, 69]
[1, 29, 31, 47, 59]
[1, 23, 81]
[1, 3, 45, 47, 53, 85, 151]
[1, 43, 45, 51, 83, 149]
[17, 75]
[1, 17, 19, 137]
[5, 17, 63]
[41, 43, 45, 77]
[1, 43, 45, 47, 79]
[1, 7, 39, 41, 43]
[5, 37, 39, 41]
[1, 3, 39, 41, 91, 93, 107, 109, 207]
[1, 37, 39, 89, 91, 105, 107, 205]
[27, 29, 31]
[1, 3]
[1]
[3, 5, 55, 57, 71, 73, 171]
[1, 51, 53, 67, 69, 167]
[15, 17, 59, 61, 63, 95]
[1, 15, 17, 115]
[45, 47, 81, 111]
[49, 51, 65, 67, 165]
[15, 17, 59, 61, 63, 95]
[1, 43, 45, 47, 79]
[41, 43, 45, 77]
[1, 3, 35]
[1, 33]
[1, 3]
[1, 37, 91]
[1, 51, 53, 67, 69, 167]
[1, 51, 53, 67, 69]
[1, 51]
[51]
[35]
[5]
[]
[]
[1]
[39, 89]
[1]
[]
[1, 51, 53, 67, 69]
[49, 51, 65, 67]
[1, 15, 17]
[13, 15]
[1]
[]
[33, 37, 87, 89, 103, 105, 203]
[27, 29, 31]
[1, 3]
[1]
[3, 5, 55, 57, 71, 73]
[1, 35, 39, 89, 91, 105, 107, 205]
[1, 37, 39, 89, 91, 105, 107]
[51, 67, 69, 111, 113, 119, 151, 217]
[9, 11, 39, 41, 57, 69]
[1, 29, 31, 47, 59]
[1, 23, 81]
[1, 3, 45, 47, 53, 85, 151]
[1, 43, 45, 51, 83, 149]
[17, 75]
[1, 17, 19, 137, 149]
[5, 17, 63, 137]
[51, 67, 69, 111, 113, 119, 151, 217]
[9, 11, 39, 41, 57, 69]
[1, 29, 31, 47, 59]
[1, 23, 81, 183]
[1, 3, 45, 47, 53, 85, 151]
[1, 43, 45, 51, 83, 149]
[17, 75, 177]
[1, 17, 19, 137, 149, 157]
[5, 17, 63, 137, 149]
[7, 11, 71, 73]
[3, 63, 65]
[3, 53]
[35, 159]
[1, 17, 19, 137, 149, 157]
[1, 3, 19, 31]
[1, 17, 29]
[11, 13, 131, 143, 151]
[1, 119, 131, 139]
[1, 13]
[1, 3, 9, 41, 107]
[1, 7, 39, 105]
[5, 37, 103]
[1]
[23]
[]
[5, 57, 181]
[1, 3, 45, 47, 53, 85, 151]
[1, 43, 45, 51, 83, 149]
[17, 75]
[51, 67, 69, 111, 113, 119, 151, 217]
[9, 11, 39, 41, 57, 69]
[1, 29, 31, 47, 59]
[1, 23, 81, 183]
[1, 3, 45, 47, 53, 85, 151]
[1, 43, 45, 51, 83, 149]
[17, 75, 177]
[1, 17, 19, 137, 149, 157, 163]
[5, 17, 63, 137, 149, 159]
[51, 67, 69, 111, 113, 119, 151, 217]
[9, 11, 39, 41, 57, 69]
[1, 29, 31, 47, 59]
[1, 23, 81, 183, 225, 227]
[1, 3, 45, 47, 53, 85, 151]
[1, 43, 45, 51, 83, 149]
[17, 75, 177, 219, 221]
[1, 17, 19, 137, 149, 157, 163, 179]
[5, 17, 63, 137, 149, 159, 163]
[7, 11, 71, 73, 209]
[3, 63, 65, 201]
[3, 53, 189, 195, 199, 203, 205]
[35, 159, 181]
[1, 17, 19, 137, 149, 157, 163, 179]
[1, 3, 19, 31]
[1, 17, 29]
[11, 13, 131, 143, 151, 157, 173]
[1, 119, 131, 139, 145, 161]
[1, 13]
[1, 3, 9, 41, 107]
[1, 7, 39, 105]
[5, 37, 103]
[1]
[23, 125]
[135, 141, 145, 149, 151]
[]
[]
[]
[]
[]
[1, 51]
[51, 183]
[35, 159, 181]
[5, 17]
[11]
[1, 3]
[1]
[101, 123]
[21]
[1, 133]
[]
[1, 51]
[51, 183, 187]
[35, 159, 181]
[5, 17]
[11]
[1, 3]
[1]
[101, 123]
[21]
[1, 133, 137]
[135]
[1, 51]
[51, 183, 187, 195]
[35, 159, 181]
[5, 17]
[11]
[1, 3, 139]
[1, 137]
[101, 123]
[21]
[3, 9]
[1, 133, 137, 145]
[135, 141]
[1, 51]
[51, 183, 187, 195, 197]
[35, 159, 181]
[5, 17]
[11]
[1, 3, 139]
[1, 137]
[101, 123]
[21]
[3, 9, 13]
[1, 133, 137, 145, 147]
[135, 141, 145]
[1, 51]
[51, 183, 187, 195, 197, 201]
[35, 159, 181]
[5, 17]
[11]
[1, 3, 139]
[1, 137]
[101, 123]
[21]
[3, 9, 13, 17]
[1, 133, 137, 145, 147, 151]
[135, 141, 145, 149]
[1]
[59, 61, 197]
[3, 53, 189, 195]
[35, 159, 181]
[5, 17]
[11]
[1, 3]
[135, 141]
[1, 3, 9]
[1, 7]
[1]
[1, 63, 65, 201]
[3, 63, 65]
[7, 11, 71, 73, 209]
[3, 63, 65, 201]
[3, 53, 189, 195, 199, 203, 205]
[35, 159, 181, 203]
[1, 17, 19, 137, 149, 157, 163, 179]
[1, 3, 19, 31]
[1, 17, 29]
[11, 13, 131, 143, 151, 157, 173]
[1, 119, 131, 139, 145, 161]
[1, 13]
[1, 3, 9, 41, 107]
[1, 7, 39, 105]
[5, 37, 103]
[1]
[23, 125, 167]
[135, 141, 145, 149, 151]
[5, 57, 181, 203]
[1, 3, 45, 47, 53, 85, 151]
[1, 43, 45, 51, 83, 149]
[17, 75, 177]
[5, 57, 181, 203, 225]
[1, 3, 45, 47, 53, 85, 151]
[1, 43, 45, 51, 83, 149]
[17, 75, 177, 219]
