892 2740
452 836
576 248
406 847
190 246
27 816
871 403
267 635
566 678
145 122
623 563
219 322
167 855
758 350
525 98
748 731
569 645
234 382
27 420
237 512
318 229
391 209
453 707
401 239
438 148
832 250
366 220
488 74
503 485
849 492
423 555
231 756
363 743
401 9
37 779
665 498
651 3
134 821
411 208
222 717
572 519
556 124
264 89
821 352
344 721
74 13
790 794
258 212
764 673
252 195
213 11
107 79
515 443
165 232
241 303
117 884
704 853
136 567
600 561
569 473
698 319
221 76
538 190
196 235
416 705
127 870
365 442
445 724
299 681
784 732
555 878
420 24
388 481
212 749
824 434
631 34
322 378
664 789
593 623
387 655
482 230
679 633
367 139
847 38
46 653
190 542
670 772
694 447
87 813
322 801
146 500
533 681
290 365
841 843
728 806
25 322
687 176
676 167
634 817
845 867
295 262
243 241
189 117
153 174
782 353
838 215
553 575
590 596
807 573
560 551
445 145
873 251
600 861
271 2
658 815
342 716
200 800
885 265
334 1
390 503
249 52
359 636
529 621
400 397
551 823
400 551
477 657
761 542
815 642
106 685
809 573
242 819
30 626
192 553
325 862
417 149
92 420
772 147
260 114
796 777
131 161
202 176
438 75
496 206
80 269
616 676
267 516
224 269
481 751
613 526
118 228
339 761
250 36
552 614
18 277
609 158
112 466
628 91
258 474
187 480
84 163
604 220
342 623
881 404
565 845
618 288
343 807
859 54
142 438
771 450
682 94
494 31
187 283
207 212
726 560
793 226
298 470
174 701
103 52
288 320
536 241
592 510
886 527
651 736
800 806
822 872
589 766
185 520
405 668
616 78
870 306
160 52
380 637
150 882
627 654
247 684
109 715
718 188
832 405
522 36
408 7
187 135
268 876
379 556
358 832
570 511
368 149
355 519
542 889
826 722
212 494
715 516
662 728
702 611
693 20
563 5
30 625
270 463
199 106
114 702
886 405
669 283
28 114
583 335
832 222
306 706
879 259
143 798
594 113
479 283
744 211
223 109
432 180
827 285
829 497
834 425
568 208
770 10
866 461
624 453
2 549
437 538
62 738
283 755
202 426
465 490
218 62
244 273
248 746
543 636
468 428
180 691
71 186
698 186
129 688
421 391
720 651
464 886
711 415
839 177
587 216
376 427
890 789
444 516
449 12
141 548
664 100
49 643
190 208
800 196
47 228
512 739
216 343
614 477
814 676
876 344
643 306
347 452
710 85
351 835
192 515
600 671
104 322
604 740
788 633
365 216
314 599
204 615
615 82
49 799
375 852
836 474
875 218
696 717
432 263
788 744
755 170
494 598
295 488
114 884
726 104
95 863
752 297
309 833
705 562
485 91
606 295
145 625
866 733
444 427
100 712
449 570
303 382
636 688
640 306
641 164
254 664
366 620
368 379
367 285
65 189
225 208
250 729
785 562
396 802
349 659
188 234
563 475
508 580
683 175
809 370
668 441
124 71
561 559
232 169
432 267
693 26
569 625
713 884
878 30
773 820
299 128
851 431
466 38
285 792
141 51
479 72
228 445
624 643
345 499
556 516
307 764
505 355
258 270
591 152
461 398
542 393
377 32
689 426
91 458
110 346
652 553
378 335
91 832
127 135
402 79
115 826
132 100
463 586
245 643
690 199
67 703
526 353
654 346
730 859
612 286
630 85
557 395
872 558
671 765
226 745
341 864
549 838
522 440
709 475
340 658
89 291
755 479
371 316
381 833
844 740
612 889
632 332
553 189
319 543
88 863
195 517
698 358
882 889
242 79
225 432
271 774
545 690
434 787
788 371
843 437
738 654
562 714
667 183
860 157
742 857
324 799
720 818
862 653
869 42
798 405
560 662
47 340
41 303
218 425
60 879
151 847
885 784
209 730
275 85
666 559
397 495
791 799
408 401
206 580
462 313
212 446
698 104
697 123
865 412
59 8
556 714
616 101
461 110
235 561
608 815
524 664
455 588
636 239
560 149
572 825
334 92
281 336
230 264
405 130
769 750
252 848
27 702
157 739
485 97
699 525
161 350
71 130
531 115
699 352
94 492
202 837
525 484
413 522
767 282
398 577
576 746
650 567
582 366
838 51
175 245
18 556
402 889
590 222
635 38
14 248
503 789
371 46
492 496
661 6
331 652
596 112
27 695
157 295
488 130
396 320
881 605
74 429
536 336
40 213
644 558
43 118
849 255
788 821
155 778
38 446
72 710
605 111
148 336
806 588
891 623
303 158
368 598
595 355
776 391
335 36
356 255
68 715
456 323
130 723
312 690
581 66
759 150
837 718
838 549
664 727
645 417
684 424
337 465
427 493
802 38
732 689
591 50
633 125
262 291
47 646
467 108
747 878
640 36
783 676
695 454
91 649
280 521
631 51
318 431
728 338
512 238
587 425
163 779
628 736
311 212
533 671
722 563
615 369
625 335
202 677
59 731
703 169
193 507
489 32
217 583
510 688
166 77
24 300
295 28
704 350
319 106
283 861
179 498
553 148
6 714
226 26
191 317
317 78
468 662
712 87
550 385
237 47
367 161
280 227
484 67
147 695
514 462
362 611
110 253
648 280
244 406
372 195
836 178
454 276
862 401
539 804
42 500
29 687
855 729
287 779
201 736
303 213
58 193
563 383
885 572
762 380
357 115
506 328
658 317
715 507
199 810
865 775
664 342
8 581
766 538
659 422
15 249
79 348
462 76
101 308
502 39
122 324
123 446
283 561
182 95
451 467
250 480
86 401
344 48
557 146
833 393
156 154
67 410
267 395
475 314
37 543
183 464
848 202
169 468
546 555
50 81
784 252
450 679
840 751
422 46
47 666
211 725
321 546
12 290
732 113
680 546
571 398
680 460
206 487
309 884
835 754
878 714
309 337
366 802
646 816
830 486
707 751
559 278
530 482
142 627
325 817
74 550
147 299
601 692
298 174
64 746
698 235
749 714
751 26
130 464
793 75
795 891
100 424
875 124
714 633
238 623
557 574
669 719
763 707
801 116
57 305
699 661
296 161
719 739
162 341
306 70
679 252
760 170
872 377
858 763
824 508
550 316
200 843
493 239
723 856
344 406
295 323
388 679
888 189
248 754
777 745
821 66
415 111
109 432
313 347
133 757
465 730
816 590
545 587
695 275
715 554
828 565
114 140
695 289
400 21
55 442
830 242
596 209
691 853
374 643
668 619
346 385
36 8
239 190
206 614
820 681
170 9
41 510
296 175
243 168
101 237
249 708
533 125
574 587
811 314
88 128
546 107
678 450
440 717
255 455
242 888
596 257
64 780
121 282
784 64
632 566
467 365
633 892
427 656
375 766
412 414
298 792
329 163
6 473
441 634
444 340
487 59
30 275
342 1
254 824
718 235
166 681
498 374
705 118
28 221
105 40
407 759
629 10
22 488
354 793
602 44
414 262
54 354
601 708
332 269
254 295
669 351
127 63
47 276
470 210
273 630
763 631
2 117
370 667
150 37
633 410
730 113
662 444
491 701
539 192
23 467
333 588
120 584
549 620
399 767
185 583
331 119
371 172
656 504
291 709
788 653
369 777
257 821
338 293
817 606
272 864
179 56
817 205
722 8
526 541
855 292
621 831
52 729
143 514
420 712
239 404
24 603
14 830
387 555
887 162
16 660
751 228
773 386
847 655
757 376
815 438
527 98
609 612
538 258
729 840
752 696
804 449
885 862
776 610
858 60
878 59
454 20
183 480
630 157
318 345
526 456
162 839
105 260
349 147
891 486
289 38
181 112
718 340
403 42
521 499
480 258
545 469
250 443
286 192
34 169
354 512
237 260
827 825
611 11
620 621
532 380
31 642
586 128
198 241
1 683
404 845
810 840
831 870
343 797
200 820
455 627
612 684
596 742
744 817
301 280
255 198
348 145
114 44
751 272
303 458
840 233
859 202
808 445
274 265
223 660
151 376
688 498
488 344
622 656
645 423
44 339
192 588
635 208
168 38
332 726
276 187
443 279
621 547
643 237
57 76
57 519
102 374
817 634
782 41
568 554
697 727
661 14
293 745
442 283
351 423
118 716
690 453
625 664
168 487
451 773
714 712
345 107
293 459
424 801
748 605
523 662
401 535
38 401
149 114
720 573
385 719
444 79
502 776
99 757
453 701
224 86
521 192
566 15
396 710
883 858
113 693
114 198
871 342
731 253
374 799
231 247
659 853
515 527
110 106
717 2
849 620
685 398
284 649
153 376
611 669
724 513
104 95
431 586
475 446
829 484
382 569
138 127
394 197
488 248
875 516
436 888
184 198
740 823
357 783
429 498
68 771
363 472
681 70
421 136
352 348
44 642
708 358
289 725
174 627
324 111
310 14
497 88
515 569
806 232
697 746
511 587
455 885
349 402
261 784
472 740
201 499
200 712
96 809
804 676
514 51
551 410
577 169
755 208
578 683
853 158
799 54
566 136
714 1
398 724
807 182
240 696
885 403
483 130
528 325
839 44
679 120
519 633
574 171
151 547
779 155
356 696
692 453
639 387
594 406
279 561
216 752
307 731
643 552
113 856
756 201
613 726
887 27
265 646
378 249
278 248
676 381
474 821
879 269
384 719
610 512
575 211
815 223
174 134
31 716
860 573
752 704
416 645
56 514
861 216
826 64
77 735
298 707
802 550
196 361
162 114
332 806
833 719
210 390
692 115
789 141
333 367
459 519
614 585
393 628
874 426
357 326
70 714
418 1
364 504
865 754
75 631
111 797
23 698
337 666
283 63
88 544
844 175
402 622
645 512
830 803
617 597
137 712
670 375
565 648
122 316
489 234
492 644
336 46
342 760
777 29
129 58
96 51
353 269
876 45
658 248
356 310
405 697
465 19
502 184
860 188
348 456
357 406
468 111
626 106
258 253
738 390
704 282
545 240
321 667
362 591
237 412
510 266
352 383
832 9
351 611
29 538
393 57
671 426
549 228
481 283
465 577
316 824
877 823
15 584
71 753
826 432
534 46
649 473
5 712
192 666
523 496
210 480
601 427
820 150
658 779
256 216
33 243
8 676
824 395
811 560
276 890
478 474
317 29
832 665
504 764
450 53
839 120
294 849
290 225
479 162
667 677
561 154
101 161
274 323
275 179
872 779
852 884
671 815
840 489
822 836
659 25
280 95
631 801
320 770
561 836
767 343
231 885
518 383
535 470
423 242
9 861
469 165
156 577
72 639
450 761
168 708
282 168
639 19
658 69
20 64
751 47
172 720
694 629
734 550
720 55
607 582
42 683
797 177
667 46
596 376
280 443
263 493
446 855
513 271
474 677
456 104
2 780
460 29
51 37
82 555
349 425
404 127
338 625
445 215
342 136
606 286
809 56
646 336
618 478
184 133
404 747
576 844
190 282
248 493
768 707
714 246
254 263
888 331
882 170
782 82
620 601
828 536
496 405
418 172
682 683
206 825
246 890
542 183
427 387
301 80
637 107
485 206
198 578
495 282
794 122
258 261
64 23
137 359
283 311
305 230
752 511
769 378
653 647
672 709
341 709
892 864
660 335
131 888
886 724
637 499
124 298
286 105
637 678
328 831
682 658
684 68
740 630
870 653
304 686
855 429
567 743
513 84
582 506
575 457
633 338
464 62
134 513
84 436
377 678
12 275
341 451
215 372
208 494
244 879
654 38
175 117
325 42
273 391
79 95
139 663
514 162
588 157
330 637
40 293
370 161
533 574
635 218
158 725
767 260
490 141
804 296
310 432
664 47
812 415
407 783
67 208
879 94
75 16
665 80
637 607
116 313
389 11
477 484
771 137
241 182
573 301
561 269
782 833
283 547
113 489
259 604
6 74
196 407
235 545
570 49
828 716
356 423
147 644
459 355
636 656
338 262
124 704
630 372
479 328
262 72
481 805
674 821
232 76
694 79
859 371
311 387
155 328
870 268
46 265
653 351
731 246
328 658
328 675
93 818
169 180
573 657
718 28
360 84
398 143
365 475
470 110
118 224
68 103
93 446
14 535
464 321
263 741
527 871
323 390
145 493
759 612
206 796
302 528
854 77
474 739
643 139
737 175
42 815
811 183
280 856
377 322
626 673
701 327
540 432
513 239
630 754
826 395
59 190
793 143
632 161
119 557
598 338
247 71
858 882
820 173
102 67
318 691
196 396
470 743
343 367
155 255
556 718
890 879
212 268
764 305
134 692
754 379
168 191
721 191
558 876
134 290
210 371
379 552
195 871
125 591
383 202
664 297
258 464
273 837
526 4
396 217
857 377
400 865
402 688
368 347
369 569
869 610
483 784
228 319
467 609
108 840
604 837
417 21
878 337
133 409
577 365
122 137
396 580
40 465
184 141
829 388
189 634
210 801
489 417
891 504
736 884
471 700
534 236
256 435
241 75
804 630
44 851
251 747
108 816
719 652
854 86
603 568
731 665
276 298
367 733
652 368
288 226
183 862
793 241
114 608
851 295
836 612
140 51
624 112
647 11
428 648
189 559
364 219
457 770
352 56
278 784
686 141
524 24
339 290
270 864
735 190
114 833
874 415
544 443
685 431
864 50
682 473
370 263
540 610
480 880
173 722
742 632
598 221
782 585
95 317
558 575
29 809
432 488
187 778
368 320
407 283
121 502
339 299
782 253
397 289
784 712
274 428
679 666
665 159
704 435
265 252
507 838
475 671
443 3
174 732
236 109
386 353
817 342
395 245
590 648
592 39
302 574
321 666
326 606
330 783
663 864
685 744
123 348
325 520
570 303
92 191
403 115
99 215
362 460
607 766
642 534
112 495
867 657
778 316
193 866
10 358
693 491
448 818
444 533
672 134
505 545
821 432
823 428
643 218
404 590
332 360
467 38
620 160
105 802
152 515
202 281
49 442
486 524
397 618
232 747
691 13
106 204
586 313
326 116
239 829
187 734
421 859
784 209
749 97
345 419
589 173
296 353
26 534
450 557
523 726
410 543
604 696
787 736
166 673
560 268
68 489
213 640
454 604
257 763
185 134
424 84
78 251
761 333
616 115
724 681
546 748
31 116
42 587
789 312
336 389
279 191
397 325
735 155
650 852
408 535
355 816
634 592
85 844
601 227
211 820
221 180
804 662
551 675
277 640
567 814
588 830
220 813
442 688
91 812
568 306
70 413
329 655
435 816
210 711
391 101
698 781
606 626
595 328
575 299
500 889
188 347
85 59
17 608
15 745
825 646
2 74
646 884
193 259
98 739
196 863
432 653
182 323
275 201
738 892
479 594
244 56
411 332
123 19
567 745
271 838
384 293
848 148
683 664
292 153
523 217
561 878
821 847
788 662
844 416
888 784
429 241
12 95
559 653
259 548
573 709
5 200
560 236
247 101
767 196
625 160
440 143
206 769
564 200
195 16
786 190
696 501
252 695
699 477
311 292
724 451
391 396
174 409
512 568
382 284
537 544
133 544
622 796
846 104
352 596
613 273
261 71
817 735
311 123
313 392
78 648
177 518
362 484
732 336
92 74
593 788
443 272
601 130
247 341
654 309
284 438
35 423
493 768
591 524
741 777
484 371
746 106
506 704
711 134
269 175
733 864
96 363
152 176
98 67
295 352
178 606
628 223
545 206
578 731
750 129
418 886
264 649
722 862
210 244
177 453
714 235
473 273
808 535
73 847
749 835
390 574
67 274
233 62
33 201
783 713
705 405
718 70
495 796
741 532
559 786
582 657
416 578
233 193
187 494
317 467
104 384
30 471
126 861
569 391
261 33
448 413
871 887
603 160
768 854
859 218
553 366
322 377
865 247
791 235
80 227
344 566
817 319
413 172
74 513
536 381
464 211
870 686
615 451
709 63
159 18
548 520
497 641
424 180
468 309
429 754
752 846
705 240
516 864
496 81
435 548
877 826
825 684
364 88
258 470
152 2
831 450
82 242
707 391
528 472
412 57
658 138
560 502
224 111
133 806
760 838
834 597
501 471
228 305
603 557
221 168
226 560
771 454
459 530
207 613
867 804
531 732
326 198
185 408
774 329
501 702
162 578
180 182
216 433
328 684
534 69
835 684
248 831
283 328
47 403
706 730
803 782
151 207
734 59
238 444
149 26
428 620
69 216
713 183
715 730
405 326
819 604
65 510
383 542
620 674
569 592
370 798
589 866
126 501
224 142
812 76
639 397
714 852
239 787
614 709
556 734
414 771
490 428
718 679
866 417
81 821
746 506
363 345
401 497
864 609
714 495
888 840
206 95
208 586
797 115
128 145
882 432
438 777
367 72
891 137
712 698
94 416
709 728
478 339
511 148
680 763
745 327
450 38
770 690
828 598
243 46
334 155
531 279
459 141
500 566
528 639
375 17
394 26
879 575
515 222
350 764
613 885
253 315
239 642
603 455
679 737
251 269
307 600
313 674
618 546
12 21
160 315
803 441
787 467
718 595
739 385
210 593
763 263
527 840
732 827
749 883
73 402
846 605
776 697
449 25
396 77
219 309
862 573
294 286
24 206
744 882
266 250
174 483
855 518
605 282
736 28
666 398
63 420
3 515
397 624
164 282
40 691
591 882
740 24
371 864
520 525
796 652
459 453
872 362
362 73
312 790
756 849
832 2
526 209
87 753
436 533
419 449
184 773
3 203
703 475
836 601
411 203
605 132
623 656
287 556
867 665
852 697
427 414
375 508
641 718
255 22
470 411
797 249
132 121
91 8
463 158
198 494
537 587
447 752
265 22
598 231
362 885
401 470
290 876
493 104
854 419
196 295
842 694
772 207
313 806
725 868
796 360
764 404
563 542
877 478
497 753
206 235
636 273
621 579
603 472
362 272
126 457
843 585
314 735
243 780
580 662
465 492
545 455
790 46
80 435
350 875
386 211
685 611
376 507
628 572
808 339
760 353
778 726
482 763
512 481
821 281
508 36
255 520
348 16
207 693
97 272
461 783
856 836
677 437
273 620
681 389
75 517
634 776
723 437
597 238
552 780
605 101
703 620
668 386
61 492
10 590
287 126
308 17
129 372
75 845
111 460
706 681
32 467
833 465
129 485
710 837
548 160
127 6
344 583
612 264
425 712
597 247
197 84
608 10
865 551
331 335
22 1
225 139
557 522
340 857
839 239
415 50
860 144
826 32
701 10
445 129
781 178
530 860
379 350
734 537
180 480
366 535
384 866
856 320
619 357
33 77
813 807
443 395
711 573
698 594
37 484
60 721
497 9
580 239
191 261
601 102
875 541
125 214
569 77
474 478
628 841
701 718
723 106
724 356
634 659
118 608
727 690
242 130
723 475
745 375
675 92
248 702
448 384
799 162
469 673
202 76
98 64
318 767
671 185
329 398
325 855
509 880
628 848
259 674
445 350
819 81
405 100
548 539
845 572
573 525
829 184
526 328
160 737
879 822
109 738
843 247
407 200
379 74
408 552
578 19
724 621
655 557
622 101
143 436
684 132
817 857
711 337
15 836
164 532
439 804
45 738
869 517
449 663
683 441
569 390
456 767
734 214
96 139
153 718
596 19
736 460
494 677
632 593
562 856
447 560
175 513
468 509
129 425
368 303
185 367
666 112
775 822
282 377
601 823
322 208
604 881
723 822
332 272
881 103
534 620
857 641
454 763
18 533
740 560
477 741
96 567
740 842
174 130
268 640
455 889
538 569
262 653
564 261
250 144
363 588
541 852
347 160
884 377
481 537
725 374
460 144
621 634
392 419
624 631
323 555
197 686
860 815
772 473
424 786
576 191
43 56
264 699
671 544
873 889
526 349
857 215
655 396
89 560
628 579
536 572
850 603
155 102
446 22
820 380
325 501
153 188
544 118
670 730
107 254
78 444
779 156
148 852
763 798
234 224
630 782
623 400
346 684
257 596
739 143
829 220
557 439
499 92
501 320
12 876
52 257
362 812
456 276
753 610
705 553
297 452
845 459
397 22
459 272
608 59
35 353
171 351
744 427
500 116
27 620
394 527
89 173
492 350
648 721
41 133
887 722
543 348
467 159
621 439
733 638
406 868
566 55
427 704
741 847
229 730
686 573
309 881
254 722
774 805
371 547
596 634
374 557
410 888
164 849
499 268
589 880
285 783
878 555
661 596
282 349
484 599
622 326
306 615
454 491
842 846
256 357
296 391
701 622
8 710
851 756
504 340
694 281
795 190
702 820
23 776
654 33
106 846
507 262
878 14
537 195
388 587
63 262
253 723
189 364
739 366
656 622
535 799
492 534
842 841
807 201
833 630
62 341
764 765
235 643
526 618
186 43
659 159
442 666
372 20
673 463
624 777
756 123
436 147
609 39
520 326
632 370
578 539
192 695
448 289
505 542
270 880
365 687
39 88
539 6
632 420
78 891
670 543
677 726
860 7
811 16
813 849
124 861
747 639
50 741
252 508
623 223
56 79
627 280
369 56
630 178
62 44
444 416
563 247
11 274
857 355
127 811
47 725
678 375
194 641
366 21
386 47
228 30
528 839
625 636
152 763
368 94
614 21
523 413
192 273
283 7
29 204
123 145
515 167
97 176
461 214
30 834
449 566
682 328
203 182
469 797
385 498
97 261
633 768
483 828
393 516
35 388
755 840
790 276
701 284
169 251
388 403
579 109
869 582
623 505
216 581
638 712
287 250
244 878
584 264
560 270
68 491
357 398
16 523
660 300
75 741
424 513
44 807
281 38
653 262
456 305
19 773
422 741
528 691
525 129
86 823
402 232
571 591
458 371
482 560
243 472
409 192
174 655
75 57
396 535
551 605
572 664
331 336
260 681
639 5
400 343
583 213
207 370
580 2
90 786
882 342
576 666
332 288
691 763
12 280
47 377
625 67
607 258
832 419
361 704
399 409
717 516
494 338
499 795
10 591
357 47
239 42
806 305
204 99
313 823
741 393
281 619
123 600
752 611
17 203
55 98
443 849
47 745
674 526
111 827
460 475
149 313
174 665
80 139
163 681
596 434
9 51
306 790
409 441
874 719
820 519
646 464
301 215
450 252
848 471
223 465
650 664
649 656
230 269
416 872
291 580
370 640
459 793
137 692
407 721
467 263
620 780
784 477
161 337
257 136
96 778
104 32
541 14
725 140
563 33
892 230
888 610
383 43
333 441
873 329
212 160
228 85
660 595
224 382
439 838
799 427
105 443
182 443
113 605
863 69
362 320
727 277
560 615
413 216
822 60
127 222
860 684
44 770
286 144
172 276
463 248
135 367
84 3
29 339
875 264
837 593
553 585
110 237
864 428
365 742
665 173
337 823
801 299
583 360
436 506
76 719
192 878
621 869
32 199
711 121
57 628
422 507
575 734
764 88
12 213
585 237
98 624
386 318
850 251
686 550
670 444
410 869
234 545
36 290
794 158
97 734
847 367
350 333
29 551
344 433
201 616
715 297
606 599
609 465
755 366
757 158
867 63
856 268
783 720
143 288
484 783
422 72
566 782
554 501
223 535
559 750
564 320
321 673
70 489
836 659
703 878
447 858
247 873
605 887
397 402
92 667
685 544
194 528
803 406
326 395
560 636
815 518
493 585
52 82
73 518
256 226
590 470
188 95
46 286
622 434
827 624
156 477
404 265
617 821
264 241
283 738
362 361
107 315
848 302
22 77
631 465
632 497
160 679
421 406
557 607
544 119
90 859
55 747
94 9
9 635
740 459
511 224
257 528
425 653
410 123
395 424
215 299
732 119
697 646
129 527
409 129
482 601
395 687
655 846
164 811
757 26
10 888
322 628
289 306
625 373
844 4
385 41
261 81
26 647
388 34
490 222
365 376
383 617
313 549
97 336
401 58
789 684
406 693
355 888
652 540
508 720
569 18
184 112
132 699
703 123
409 448
751 381
212 582
446 549
17 877
144 312
1 321
478 687
275 874
449 13
535 462
721 22
673 235
157 58
470 35
802 702
369 444
793 255
7 360
886 273
83 561
446 8
73 729
694 137
876 804
463 826
505 683
129 880
385 59
595 110
832 844
561 386
193 104
723 649
247 512
470 203
221 570
340 335
850 96
783 222
370 103
183 276
577 179
98 780
562 553
728 257
191 643
328 324
56 73
73 351
620 851
477 135
839 755
59 841
539 104
557 724
545 575
438 59
573 137
574 105
575 304
48 827
837 367
434 873
56 225
321 240
206 509
34 129
87 362
240 567
701 235
478 753
874 186
560 892
457 414
398 40
806 357
666 757
222 597
119 433
818 591
340 436
416 274
783 618
823 425
456 681
770 384
535 558
797 809
194 155
35 367
333 185
889 633
339 229
231 606
343 96
166 213
183 411
457 488
204 659
101 825
798 127
119 817
474 877
808 133
679 375
223 508
596 567
634 411
246 504
11 488
418 75
396 537
554 568
556 836
333 178
710 851
50 318
682 254
701 680
44 800
870 668
637 85
737 713
