1000 9886
565 793
475 847
26 931
137 458
138 789
413 397
878 67
670 118
129 638
316 696
587 735
368 279
132 218
9 913
485 668
968 698
895 87
139 959
302 601
247 702
40 968
369 780
668 218
29 400
172 933
142 177
443 626
960 280
134 821
999 921
601 26
714 795
37 54
739 420
503 767
342 699
145 413
814 144
925 888
253 633
861 890
511 161
244 876
64 410
323 631
620 135
162 555
804 462
149 799
465 666
747 12
395 179
827 148
106 47
541 807
76 843
497 666
866 613
724 891
220 426
461 912
137 554
393 688
732 13
381 217
920 191
211 518
86 630
23 894
308 278
815 935
30 89
379 361
608 353
720 363
846 524
603 38
489 650
473 269
223 473
280 685
119 280
268 840
233 653
490 678
289 163
557 634
794 860
462 966
363 603
869 929
521 217
833 351
782 272
790 815
136 8
484 632
915 405
184 276
810 200
93 773
554 181
536 600
670 388
778 957
31 639
685 237
434 119
476 478
829 94
634 246
122 450
183 705
274 543
918 284
22 193
792 992
118 830
247 734
840 760
396 14
165 711
918 399
961 616
505 276
35 295
849 655
386 135
171 935
980 291
729 613
605 202
515 254
220 104
11 911
619 434
840 293
125 293
550 932
699 506
556 417
459 910
941 89
10 333
417 325
263 627
4 35
157 411
68 106
932 755
917 129
480 658
154 607
708 715
567 449
536 427
555 505
348 409
115 446
977 47
802 50
898 705
495 331
759 750
320 837
730 784
143 239
826 303
241 197
114 77
703 999
544 596
33 209
218 223
695 579
591 658
320 611
372 932
302 695
928 354
507 247
56 29
809 673
459 104
909 684
800 940
821 778
454 813
425 57
998 914
532 707
514 777
143 675
327 198
995 104
190 714
818 659
361 836
434 83
476 563
347 957
296 185
156 882
423 408
18 858
22 882
870 598
192 105
658 778
161 802
93 167
19 700
774 904
889 440
692 605
30 10
913 745
183 971
81 513
776 575
546 717
380 539
2 955
702 984
760 169
616 973
603 565
630 959
896 467
456 74
935 594
112 732
135 10
504 342
153 983
733 827
612 956
30 247
488 842
641 50
755 908
335 752
449 545
640 246
694 57
716 545
683 296
411 621
211 943
15 359
806 566
685 747
17 903
147 4
464 384
377 929
621 382
342 97
772 640
683 103
151 581
318 206
375 491
401 258
757 767
722 658
845 43
194 475
623 438
492 212
70 825
311 545
294 817
61 26
341 378
89 465
435 253
476 535
61 139
890 37
66 547
415 660
633 942
790 416
336 218
593 818
353 181
724 428
562 259
155 574
908 795
156 720
586 51
642 363
913 801
846 906
878 77
317 963
746 695
396 470
479 167
808 46
98 722
795 312
339 228
177 193
112 538
311 26
279 504
786 977
400 718
76 695
24 362
353 738
12 507
984 956
642 862
935 711
96 332
478 938
638 589
620 759
695 199
823 818
516 970
704 698
564 561
376 650
712 228
877 726
18 429
593 316
722 453
489 574
912 775
328 636
459 210
721 251
247 403
712 450
425 343
78 699
482 256
624 601
915 404
526 830
485 748
490 902
640 653
74 729
902 525
246 459
193 253
104 356
910 8
179 62
930 730
881 168
352 602
479 339
528 573
321 849
195 808
917 869
334 969
1000 372
209 900
112 201
844 538
518 863
23 87
66 694
529 54
501 408
606 36
115 587
461 587
637 978
987 655
867 553
210 988
192 383
819 650
487 264
624 338
642 401
236 520
679 910
482 648
219 967
719 18
345 797
785 748
529 365
560 776
430 634
548 313
110 398
936 539
704 535
506 891
875 542
698 125
134 25
393 913
547 880
750 329
702 556
594 333
214 154
842 911
437 489
310 617
208 47
25 751
998 570
910 680
432 551
765 150
898 796
422 454
522 912
339 138
694 187
15 125
218 363
881 409
17 913
261 53
497 400
708 522
288 85
93 394
147 794
866 414
795 902
32 106
14 46
108 445
715 239
716 188
937 185
209 710
67 438
932 513
770 587
257 676
972 357
408 824
170 699
597 112
394 944
31 638
639 405
325 861
454 115
350 416
226 242
924 375
486 672
343 809
149 592
645 571
973 926
192 189
528 711
235 241
329 116
130 127
9 475
667 140
540 438
857 558
789 401
25 508
10 948
339 156
286 501
71 685
516 590
222 555
461 849
744 96
727 602
715 998
676 449
997 43
107 630
210 399
438 498
206 78
7 107
671 302
177 324
305 399
868 754
755 242
618 409
287 399
674 407
306 819
51 681
839 433
160 957
738 897
947 203
650 111
172 991
301 765
597 833
551 221
842 931
826 300
702 347
481 821
445 978
990 598
916 285
789 521
332 100
83 854
963 794
929 926
839 375
949 467
989 978
907 963
69 760
285 939
496 244
578 110
796 473
155 451
212 272
692 26
27 825
821 954
270 380
437 897
424 480
250 62
724 581
325 928
217 303
736 777
398 788
460 629
889 349
230 615
490 552
408 643
138 824
378 845
126 423
204 705
922 948
887 604
980 98
191 965
785 148
996 920
278 971
460 938
465 592
672 514
486 942
474 942
992 815
511 457
921 229
969 209
272 271
805 955
37 513
952 386
49 434
301 140
785 583
839 652
957 714
789 151
519 274
119 750
362 797
260 87
625 913
55 466
183 281
116 812
813 130
176 201
12 423
508 150
570 393
869 187
617 914
533 116
458 830
42 689
479 900
996 306
427 105
998 480
985 519
87 195
848 505
920 918
798 445
959 31
9 642
217 734
566 429
149 914
994 958
371 549
512 933
881 464
455 521
440 234
683 102
276 592
740 29
686 107
583 705
144 670
471 567
763 69
194 472
52 942
449 142
468 926
914 80
329 496
848 167
723 672
260 866
563 331
32 769
515 748
697 529
758 506
151 8
974 642
459 595
334 541
64 1
697 790
352 268
207 134
232 818
70 668
35 273
736 482
734 173
349 646
291 705
503 936
315 282
318 787
568 862
20 761
612 883
278 817
284 822
586 846
200 29
384 196
662 171
831 544
955 969
120 212
563 594
968 2
91 341
112 840
98 791
427 951
101 212
48 32
654 473
589 383
202 809
722 160
501 943
335 727
52 479
125 191
825 857
517 627
295 69
726 427
788 58
599 8
964 411
713 669
955 712
65 894
686 840
1000 79
798 774
509 918
198 562
289 374
899 749
661 534
243 763
887 162
1000 478
967 778
181 689
610 517
866 507
973 437
174 554
229 645
288 185
592 151
575 342
977 579
965 630
285 516
9 760
492 72
402 352
928 680
152 839
502 145
150 571
278 294
864 837
852 143
710 590
178 74
15 652
911 534
669 639
348 702
899 54
705 379
546 929
868 693
608 618
532 968
187 361
64 412
36 82
454 321
866 769
334 283
227 969
287 99
680 197
885 732
205 726
701 689
426 773
504 688
941 226
889 849
33 941
434 612
590 763
591 38
440 520
367 439
349 712
766 107
896 267
401 867
276 101
816 114
762 551
414 175
771 746
171 406
742 835
814 588
983 111
950 412
276 187
507 699
868 64
793 419
914 409
360 108
87 139
643 897
86 841
955 615
43 97
156 256
503 123
84 524
902 829
336 132
41 977
838 959
358 821
198 542
329 733
554 270
113 118
740 469
192 579
669 975
817 804
841 257
678 871
868 369
838 601
982 338
420 962
310 840
520 400
95 64
631 50
909 258
69 549
820 355
397 494
365 442
550 399
2 401
334 554
47 387
620 455
692 980
396 185
719 445
665 636
322 817
426 967
481 144
120 848
893 619
608 741
913 781
168 326
171 921
172 374
903 751
706 986
875 945
268 161
876 398
292 815
743 126
309 684
736 136
555 844
537 457
708 899
211 710
665 45
738 717
44 94
335 617
215 135
660 368
517 681
510 449
276 586
651 95
29 863
525 634
488 255
17 895
385 391
150 641
987 116
129 922
636 341
360 72
201 156
273 567
950 747
385 907
815 667
464 767
532 255
248 60
521 362
393 255
32 467
4 967
960 565
284 978
583 877
530 379
968 756
704 467
649 159
40 898
293 112
925 619
821 554
491 443
643 454
807 587
170 668
814 413
248 596
709 585
268 257
87 817
844 716
744 584
377 33
286 677
782 814
343 972
840 534
44 510
995 550
687 356
945 333
953 842
883 521
495 983
462 132
653 229
571 356
440 994
478 658
427 684
67 709
908 437
287 891
404 244
666 195
870 99
978 879
158 959
662 383
844 510
745 219
817 198
694 276
953 262
417 376
543 111
422 579
629 617
671 372
730 720
106 690
941 750
797 570
910 583
343 180
630 808
276 883
760 726
11 454
910 758
124 69
731 87
470 57
25 678
564 381
322 96
379 113
271 169
717 169
816 582
765 701
443 483
240 73
778 654
835 435
708 579
506 487
420 907
94 294
938 168
186 821
139 997
122 183
873 661
711 173
288 269
109 859
492 101
700 706
458 213
170 737
320 158
639 479
472 457
680 686
255 454
737 579
187 622
446 989
984 36
643 179
420 248
974 643
117 402
966 39
197 539
174 849
499 718
154 63
538 345
580 572
762 315
509 298
348 104
975 61
818 328
603 994
931 955
625 850
366 636
280 390
948 860
213 976
595 6
944 318
410 502
508 469
93 845
168 572
498 287
780 867
551 672
983 213
592 558
20 79
438 298
967 294
977 484
49 729
119 531
747 766
416 436
475 979
223 593
629 766
925 205
949 199
272 839
574 716
133 906
650 36
941 611
506 694
569 460
806 419
631 410
890 528
330 194
359 887
281 985
735 377
57 898
991 131
630 577
901 151
579 773
30 591
930 617
550 134
232 972
868 301
770 613
454 250
940 510
183 836
693 247
134 808
448 47
196 837
503 587
469 471
878 621
862 150
44 785
339 823
122 429
162 836
948 411
758 118
527 592
635 917
503 873
380 211
704 62
818 10
56 137
14 575
813 261
64 268
338 167
196 281
144 500
883 449
240 589
666 25
678 675
942 202
360 826
793 922
747 303
894 82
676 993
416 876
771 975
545 91
171 747
819 987
859 774
813 201
764 921
674 369
141 844
826 52
542 168
319 17
466 583
730 648
648 667
354 676
261 168
355 709
873 128
926 154
851 657
622 124
703 972
55 985
209 393
194 127
803 907
294 2
61 781
817 859
397 267
787 127
677 870
990 666
209 683
907 822
503 265
330 833
347 805
799 833
674 646
117 296
139 698
507 552
199 822
683 621
390 777
852 172
320 117
734 741
391 188
268 493
930 990
53 797
936 415
331 599
600 44
345 830
134 766
72 581
490 444
202 456
207 121
121 248
784 994
947 889
560 633
172 375
120 960
11 819
853 536
489 49
419 214
542 712
980 413
28 996
803 188
534 385
462 75
138 261
712 866
197 998
435 913
510 375
239 159
371 15
719 629
427 865
85 773
91 412
863 810
225 598
604 96
531 516
659 571
401 735
383 813
367 168
915 759
284 652
529 361
47 671
873 892
603 7
884 144
850 596
32 315
437 380
518 447
612 430
904 383
784 409
493 949
440 191
829 699
846 587
229 587
930 574
90 259
541 152
46 748
411 127
730 339
182 958
878 715
528 1000
50 356
474 508
623 637
754 508
425 984
356 672
253 732
90 838
342 631
236 398
314 576
995 843
880 18
377 32
753 425
602 555
311 365
59 508
666 268
188 216
528 293
891 539
36 4
883 667
866 855
117 223
616 786
620 202
88 459
785 283
110 776
989 27
634 834
427 542
487 168
28 727
107 310
142 509
816 334
675 896
489 122
586 808
163 249
404 245
744 706
580 824
797 618
283 816
488 830
505 896
324 76
913 299
565 623
298 563
220 284
719 746
480 689
872 723
580 44
525 925
12 560
16 691
932 609
204 264
986 655
725 986
561 841
946 985
432 899
967 621
345 486
487 871
551 882
717 70
4 759
116 627
446 164
618 669
530 555
548 672
919 895
405 705
212 993
346 37
838 885
431 321
547 616
643 873
151 582
578 430
584 739
627 647
539 569
632 751
248 804
193 101
122 837
109 201
167 425
886 771
246 482
711 172
969 597
952 869
825 473
735 58
592 316
114 560
560 766
640 437
457 282
973 834
297 225
28 375
800 280
801 561
162 801
52 637
878 961
80 654
887 653
121 86
156 723
613 919
165 779
149 662
757 161
771 173
6 239
282 105
943 892
430 161
32 592
362 187
219 734
662 988
499 382
795 317
357 612
315 249
861 248
433 92
452 840
474 896
770 117
609 219
348 105
61 469
25 442
100 219
252 465
197 156
932 449
549 325
591 76
918 148
297 718
794 51
451 257
291 424
506 286
99 787
559 531
379 611
234 290
586 991
533 180
650 368
228 836
393 192
266 121
306 870
354 742
685 810
501 941
877 578
418 287
100 493
449 403
87 225
310 896
329 854
76 197
460 100
760 610
742 534
705 652
484 753
913 447
787 98
757 720
114 370
133 316
796 492
998 974
714 549
878 272
751 514
866 360
153 755
834 202
583 965
469 357
286 960
657 220
382 423
743 805
482 835
49 620
123 607
92 518
2 314
923 174
84 98
412 937
457 16
704 63
735 550
170 887
102 378
512 866
984 351
184 807
576 121
23 822
27 691
600 367
487 261
804 89
439 166
810 822
704 221
235 681
713 1
3 460
537 499
940 792
824 769
898 292
23 645
732 9
642 801
955 298
371 931
453 713
295 154
391 647
270 492
418 291
293 949
4 568
794 902
256 313
323 932
778 402
262 771
75 338
864 573
940 386
213 448
87 491
276 522
51 266
955 315
458 264
104 816
354 233
382 604
653 601
545 176
782 135
910 120
144 631
486 560
770 727
574 37
178 778
804 554
308 697
865 588
238 574
540 124
56 563
305 660
435 310
18 882
877 506
832 162
875 260
694 68
330 179
504 970
154 453
373 255
912 125
763 587
141 201
420 384
693 897
434 804
533 552
515 85
295 741
653 880
98 665
69 8
931 997
206 866
335 853
46 280
582 318
324 218
417 488
920 449
263 105
875 721
254 517
770 351
910 847
452 309
781 923
310 191
944 37
506 922
752 926
218 858
882 273
76 472
484 117
290 282
533 462
113 677
510 673
539 897
507 702
707 87
105 265
731 77
436 103
618 713
934 317
592 932
20 469
167 166
868 49
742 734
265 426
825 978
365 233
963 684
610 971
4 80
463 541
14 9
606 423
18 948
420 992
113 370
387 249
740 297
799 804
925 617
801 443
397 16
861 619
870 763
562 648
725 204
639 394
970 165
365 557
778 812
528 663
636 616
752 117
878 917
386 69
226 260
616 644
925 828
231 21
88 349
469 736
738 171
117 164
463 454
343 556
842 221
58 684
741 937
832 987
415 240
291 62
148 413
394 599
193 768
430 983
822 341
254 187
922 375
174 472
656 311
675 21
400 629
314 231
68 74
286 1
750 554
962 217
772 840
977 510
116 862
337 95
979 600
600 867
105 203
640 202
695 364
845 191
973 74
167 919
8 612
595 936
925 231
730 833
821 438
380 74
462 830
368 514
403 5
981 560
875 640
466 671
105 485
930 270
968 933
555 135
721 147
260 297
133 37
622 173
473 506
381 705
274 253
424 530
21 912
561 699
925 442
268 995
325 734
835 437
892 290
565 196
666 830
952 247
271 329
921 872
243 830
105 801
286 264
740 717
299 897
84 361
965 544
942 752
936 457
338 415
892 742
624 76
49 811
780 185
887 573
157 874
374 656
982 979
733 343
171 850
631 568
390 752
796 531
600 148
304 369
35 872
451 482
37 593
747 180
819 547
90 721
897 893
516 513
150 259
680 266
358 369
860 19
550 883
537 48
465 125
802 148
16 513
254 945
111 8
591 274
8 945
472 734
739 672
405 514
601 647
564 573
211 847
341 900
699 994
137 461
267 638
398 484
36 488
807 120
848 119
8 382
981 837
375 90
730 71
821 172
215 653
30 72
347 573
190 981
686 958
178 517
18 218
511 667
991 141
42 212
355 103
283 194
764 281
98 223
370 363
550 70
395 669
1 806
353 267
687 986
725 19
563 168
887 292
840 995
919 183
322 697
514 495
538 409
88 50
294 563
20 100
231 204
838 60
508 823
288 632
552 213
473 684
689 940
762 234
503 792
255 398
224 133
830 675
11 777
874 371
957 110
620 787
514 160
241 950
330 449
166 859
228 692
619 461
124 997
414 353
330 124
581 25
7 773
180 934
440 523
422 943
707 975
835 806
722 320
604 93
567 75
181 316
884 253
868 730
279 165
745 145
285 494
103 555
34 46
54 213
150 760
445 744
424 829
668 704
501 817
483 282
568 260
394 265
803 687
273 584
591 532
759 694
906 172
446 125
782 507
986 94
125 930
995 260
869 291
48 523
912 816
735 462
113 107
473 163
576 764
100 310
839 429
307 36
772 122
277 836
541 291
705 630
251 451
311 613
627 924
277 693
919 362
256 262
429 922
891 787
875 374
804 698
861 951
218 683
51 29
312 556
296 81
890 89
952 670
814 358
317 918
853 708
469 715
348 780
240 653
982 795
55 183
936 191
520 958
723 153
822 114
687 306
413 633
201 135
111 652
274 845
261 677
776 663
693 674
231 807
895 268
591 7
352 132
938 856
84 571
254 239
58 90
976 553
833 976
261 583
444 835
413 780
430 666
592 601
115 20
9 67
768 980
57 403
220 681
771 715
441 44
941 647
146 387
258 829
43 49
134 136
523 492
323 321
548 654
149 918
294 322
741 187
924 973
800 707
656 807
950 665
720 106
683 126
761 882
246 762
946 740
588 177
131 432
494 500
425 147
647 616
9 940
752 426
329 591
327 44
130 616
497 257
815 363
174 609
708 761
744 911
236 234
83 181
754 363
867 88
796 68
635 468
654 94
730 448
821 567
939 596
482 153
984 75
412 716
487 136
981 515
805 99
258 262
666 667
297 276
265 349
901 130
987 813
89 666
34 874
737 774
115 662
908 195
969 507
879 856
974 580
244 161
634 489
173 155
283 615
340 380
148 559
222 632
979 31
638 288
628 382
701 758
736 83
383 540
935 525
685 34
448 755
983 861
145 821
419 466
607 781
849 281
578 778
674 324
806 841
589 343
534 312
869 167
301 571
285 470
891 448
968 855
627 506
60 841
441 953
427 250
545 307
506 657
108 573
143 206
920 777
713 886
865 975
994 557
387 873
906 503
485 610
878 395
735 262
3 751
943 341
231 508
751 744
791 641
133 343
762 787
146 226
536 614
294 810
886 176
703 474
551 567
9 682
321 826
527 808
131 219
294 645
740 605
248 627
107 200
415 659
786 293
515 865
438 592
844 755
361 581
288 605
550 293
80 746
81 650
279 273
706 639
676 385
853 764
468 350
951 259
793 865
794 202
770 986
966 452
710 362
679 993
331 895
617 566
926 598
486 217
434 636
384 297
560 914
353 884
742 494
229 265
598 898
858 731
220 476
202 627
607 246
354 970
760 57
922 328
708 441
67 307
139 110
192 110
876 759
613 484
938 169
569 646
464 180
816 985
234 450
492 738
669 340
271 902
855 9
986 456
289 40
26 941
910 721
640 501
949 117
777 188
512 191
475 611
424 527
61 742
227 194
782 318
530 303
344 294
554 441
520 361
721 408
854 156
525 843
243 474
236 163
241 215
215 869
790 615
682 404
313 719
832 297
139 659
69 478
135 743
942 269
355 469
784 731
974 738
792 906
614 645
580 893
854 355
266 741
430 80
519 914
136 573
102 376
603 805
965 950
895 53
309 946
143 858
405 399
832 917
995 611
745 596
176 841
31 197
378 611
642 106
19 985
611 595
807 773
965 232
839 707
399 726
987 465
738 549
376 862
530 941
733 894
348 284
11 212
506 900
693 400
585 319
735 919
418 206
349 998
741 420
320 960
645 878
928 527
545 3
704 778
671 478
968 879
971 560
113 776
989 807
648 621
939 30
868 904
81 298
155 559
686 761
873 790
527 319
911 156
215 803
492 484
569 133
121 302
547 546
56 48
199 239
458 423
919 534
811 489
649 22
613 813
320 396
119 52
467 591
734 755
627 873
991 224
702 109
897 843
657 924
400 387
990 808
434 158
148 976
863 75
97 952
188 465
570 87
14 333
36 781
662 713
240 928
244 936
528 685
235 103
92 740
607 199
205 337
421 710
683 767
334 601
219 771
265 810
326 205
710 833
117 248
699 274
381 85
577 690
762 382
699 387
735 577
353 835
546 530
818 271
694 410
417 494
435 869
423 336
600 619
598 970
304 3
43 718
820 715
732 495
695 149
163 828
347 11
681 831
441 194
489 334
880 726
148 63
385 411
699 138
171 502
355 661
447 77
25 605
579 386
949 225
446 143
860 927
593 98
151 718
812 260
286 61
318 69
416 221
925 468
453 532
865 787
669 943
707 260
748 936
255 712
259 279
646 417
608 192
741 321
38 433
900 20
465 816
699 251
193 184
530 25
490 618
40 789
204 536
931 583
571 700
314 591
656 274
889 465
317 840
838 490
607 315
165 788
849 963
169 337
689 922
853 743
902 401
767 417
288 673
400 939
426 935
923 281
781 951
892 930
497 893
81 635
672 630
470 663
864 494
77 463
224 13
704 263
813 475
427 672
928 907
304 181
162 335
404 240
576 321
411 692
196 114
859 722
971 956
608 82
348 341
162 867
693 423
909 682
987 182
950 62
720 523
58 238
59 667
354 777
724 671
30 8
746 365
111 103
42 698
663 780
399 194
536 60
557 410
432 533
696 834
8 324
472 913
790 911
434 30
977 250
18 244
990 710
347 576
477 561
481 566
161 23
51 324
625 95
247 277
959 990
570 189
643 409
570 667
340 275
921 799
480 249
460 519
958 258
355 299
250 95
165 982
277 748
69 394
115 708
499 549
705 146
690 198
691 163
197 81
306 255
127 21
588 745
883 715
259 207
800 505
487 397
823 471
182 453
183 948
940 529
297 529
351 738
410 208
505 726
16 71
509 294
770 112
292 796
896 46
224 186
693 872
344 707
595 10
957 911
707 580
708 299
400 708
2 776
836 247
418 56
519 386
173 941
667 695
357 37
534 709
363 787
42 527
59 679
427 59
873 31
67 80
621 937
638 793
622 386
215 56
199 971
825 860
272 812
517 638
365 22
424 835
406 111
30 503
859 77
697 154
562 255
368 544
169 529
955 606
958 787
617 147
360 132
590 382
955 719
677 602
553 964
173 121
310 673
578 433
743 969
801 150
765 605
605 1000
949 278
313 492
226 791
388 506
501 415
104 423
32 68
398 183
597 245
179 4
808 436
899 799
795 222
463 836
486 559
527 783
783 433
934 775
170 592
283 403
675 949
487 211
568 707
198 2
97 893
631 760
762 121
368 426
658 844
625 391
956 41
783 708
425 576
724 172
642 107
755 526
438 206
957 546
836 821
713 6
822 352
845 513
833 139
719 24
390 508
564 991
305 276
825 557
970 526
229 360
81 877
723 330
546 442
660 345
185 831
133 434
707 862
569 523
784 469
906 72
655 599
966 892
76 262
538 543
636 334
569 558
289 203
237 789
789 654
316 740
995 262
78 622
997 380
263 744
912 818
51 414
108 661
806 338
108 59
563 335
43 770
798 758
416 912
808 626
810 32
354 58
388 478
209 687
161 588
562 528
65 488
174 698
123 286
235 824
952 800
614 836
870 722
834 348
320 43
22 928
619 961
408 685
904 786
192 4
563 55
430 2
748 9
714 137
108 232
904 857
918 279
434 31
311 186
719 297
956 205
116 274
444 281
310 374
559 166
707 766
328 177
934 751
59 35
171 557
872 140
127 133
110 594
883 334
244 412
119 768
729 776
931 196
770 346
384 129
335 628
85 769
836 207
651 82
814 514
284 537
108 821
755 38
93 595
161 814
703 782
337 897
488 115
508 110
492 555
163 541
665 707
224 541
501 787
561 946
637 135
341 954
694 886
133 974
56 181
147 94
281 996
1000 396
270 152
402 112
352 843
886 904
5 676
483 103
854 106
105 697
522 100
240 144
222 256
242 450
118 337
433 543
344 398
769 873
114 520
117 359
526 107
675 879
964 766
581 519
161 985
92 939
184 422
131 225
832 274
905 458
473 968
115 747
500 311
946 185
322 767
297 427
210 892
70 144
600 176
6 680
99 964
838 149
549 334
733 481
241 995
165 629
153 149
840 505
185 548
975 469
172 486
528 86
604 481
469 944
168 581
941 438
659 893
362 775
382 322
20 961
768 347
920 335
67 619
577 808
524 369
619 54
176 207
893 78
569 616
492 873
977 848
203 742
902 434
100 358
651 126
634 794
485 172
108 793
659 603
417 68
262 624
262 940
375 25
251 867
731 61
215 900
941 250
691 859
637 171
363 762
596 996
595 651
997 291
229 905
213 276
713 884
787 477
882 101
384 600
846 568
119 78
644 321
866 465
204 200
874 932
781 600
506 480
913 352
731 761
517 110
96 944
105 806
645 202
21 786
100 623
206 987
557 813
294 699
444 12
687 944
1000 932
287 454
95 599
127 135
847 702
153 934
740 558
283 295
467 66
283 865
253 621
680 96
897 551
331 531
443 957
762 213
84 953
583 289
796 653
678 511
718 568
956 245
596 92
619 340
32 707
163 443
303 167
809 397
386 326
634 378
282 279
413 575
733 118
71 883
93 983
6 950
133 563
696 8
654 662
287 939
953 587
898 348
634 116
849 490
135 103
543 122
429 326
725 415
881 985
519 329
104 718
600 866
201 406
229 122
582 694
931 506
590 93
243 306
650 94
542 192
502 525
599 913
146 753
384 774
424 979
693 205
108 547
380 216
272 971
481 887
946 731
360 788
845 275
796 377
216 75
542 269
551 449
130 959
117 573
981 932
271 430
558 662
649 218
729 36
458 8
839 91
155 5
734 311
248 546
951 978
787 949
832 346
894 15
339 826
753 760
724 463
889 392
745 713
266 626
801 819
453 224
93 25
207 17
338 343
338 160
121 336
603 852
43 190
931 973
969 2
515 138
260 968
442 130
796 737
718 310
22 377
44 225
872 994
620 556
842 498
435 952
832 548
559 563
546 494
432 146
894 422
966 595
23 758
411 787
431 961
294 271
430 748
626 911
621 908
214 290
860 272
238 420
664 59
973 15
3 907
78 333
770 838
640 36
534 960
848 455
276 816
78 508
617 142
428 539
927 755
363 706
345 339
243 556
545 106
564 306
503 230
855 781
802 379
694 693
403 284
762 631
744 918
156 60
216 335
548 986
754 243
837 229
304 914
85 115
326 263
454 840
539 402
175 102
801 403
30 831
415 567
257 701
493 639
667 502
761 407
923 96
692 803
490 647
753 535
496 316
575 598
190 560
946 146
322 664
235 89
754 695
634 97
942 414
896 818
650 865
766 717
72 985
201 59
330 401
24 540
921 274
353 976
997 519
211 494
728 772
488 553
767 237
948 777
899 679
371 244
353 833
173 86
466 224
139 202
289 569
241 800
345 834
896 382
626 725
297 615
664 970
58 89
6 777
279 799
548 324
347 13
719 797
868 761
794 708
137 735
512 317
617 72
245 791
985 556
417 40
256 362
259 861
836 381
92 444
419 887
13 679
536 192
96 695
133 94
173 929
599 191
904 222
235 616
493 944
666 802
705 840
752 429
713 953
610 967
259 281
332 321
761 593
9 802
709 785
800 19
19 377
972 305
757 517
78 916
317 100
529 324
820 333
472 499
1 867
683 575
84 192
175 235
587 219
32 46
978 115
791 973
667 67
62 539
156 708
325 203
843 258
828 182
683 733
23 148
47 274
628 603
365 843
849 850
985 35
740 873
317 552
193 762
838 138
241 994
349 503
386 355
19 435
797 835
210 927
706 824
963 586
509 241
845 631
116 21
29 618
270 876
145 921
991 862
390 453
713 174
993 942
972 260
730 555
458 982
298 703
820 600
417 91
698 60
402 657
323 971
424 873
78 899
872 359
470 942
659 459
107 774
186 763
24 210
81 487
544 537
191 608
285 245
323 318
621 853
753 437
823 629
147 12
241 153
631 396
81 368
63 416
981 685
673 84
125 615
648 950
483 53
1000 489
251 49
750 213
401 250
402 85
407 292
890 472
781 599
708 585
749 99
660 692
593 767
528 954
498 440
469 332
911 869
515 580
807 660
22 564
5 682
834 274
874 839
160 333
970 370
143 572
535 270
194 897
463 787
134 977
17 229
25 995
365 525
818 913
411 493
912 342
788 841
914 508
331 530
975 229
192 252
943 891
657 422
785 361
50 480
933 305
124 878
579 693
6 548
776 707
337 499
983 540
624 154
996 665
957 909
944 308
999 278
289 737
508 467
883 265
349 765
975 345
941 409
870 1
462 402
528 194
86 770
116 971
335 559
998 165
432 838
340 855
913 988
388 529
993 673
409 602
626 783
525 956
341 543
380 772
570 39
220 620
494 119
846 200
650 95
122 686
62 556
17 970
418 395
699 998
167 4
426 142
391 544
787 618
492 387
505 401
664 510
207 920
925 489
547 523
566 485
203 193
241 22
96 895
852 722
856 533
123 22
226 272
313 498
632 784
541 170
108 337
117 685
528 266
908 578
19 963
829 448
723 581
117 350
208 534
374 423
196 277
628 846
671 727
131 56
762 20
155 174
108 134
880 119
31 820
757 799
425 676
581 449
943 174
620 105
801 833
70 78
92 690
404 630
335 94
268 37
99 265
789 389
572 123
993 42
757 49
650 989
536 148
253 850
897 812
3 417
900 945
266 853
563 665
234 97
605 110
413 947
819 944
141 612
789 200
607 817
800 793
388 727
944 431
250 902
657 640
238 331
667 661
410 758
21 272
480 638
523 114
161 149
608 378
906 217
694 480
90 100
329 996
661 337
539 809
332 233
791 335
265 32
696 892
933 625
664 474
692 488
342 161
859 329
364 809
111 492
851 925
711 333
804 881
61 888
976 730
435 31
308 279
776 97
687 789
285 737
58 849
800 214
30 847
624 938
541 577
984 482
605 398
986 688
240 818
630 99
615 757
175 308
268 122
643 30
991 566
885 95
499 652
652 208
693 908
675 689
857 566
185 669
317 628
12 198
14 908
326 994
311 90
799 161
432 81
305 165
90 661
183 156
296 544
794 291
962 692
840 189
159 151
732 123
52 889
789 236
239 165
42 931
918 960
133 520
44 85
358 317
569 594
860 976
461 60
524 478
598 163
295 181
371 819
67 303
580 69
284 650
727 150
108 838
533 457
275 441
647 305
670 82
566 131
234 680
104 766
612 453
261 7
635 940
74 980
146 329
644 472
66 16
565 122
434 137
986 161
859 341
528 971
242 369
797 854
596 448
511 863
598 109
66 818
150 331
877 218
145 161
117 357
636 903
711 895
413 216
154 312
725 215
84 193
965 728
378 994
783 388
472 355
251 616
848 526
244 911
580 801
687 15
637 445
106 936
752 106
571 558
560 86
106 827
126 318
183 941
934 559
352 471
81 751
170 840
508 746
250 202
650 485
292 251
205 518
923 1
345 899
306 395
720 849
16 664
461 877
465 362
263 59
124 553
179 728
92 15
954 222
319 480
980 558
859 727
487 558
862 974
251 519
577 419
592 569
628 143
461 32
744 388
262 19
824 540
768 93
128 19
168 968
691 812
214 363
788 16
211 757
789 851
261 234
85 502
637 169
124 92
935 30
702 383
302 873
564 324
583 552
929 961
566 286
53 249
540 765
359 8
318 247
899 82
964 589
968 648
860 878
472 178
787 189
683 892
619 634
263 976
281 693
782 340
491 271
627 939
921 401
485 977
363 201
937 10
187 615
463 786
320 4
230 571
452 513
967 354
120 689
586 434
895 140
154 6
302 118
788 825
735 873
735 740
404 962
901 395
633 102
170 812
237 524
182 331
225 212
745 611
547 259
31 114
235 479
15 54
422 821
352 209
667 618
898 346
242 640
46 708
193 912
103 429
383 909
577 778
873 115
529 687
660 311
165 384
924 764
742 863
931 508
73 964
826 138
701 676
209 132
416 314
273 615
570 151
642 744
882 165
961 289
800 656
263 624
341 880
630 561
332 85
7 623
341 225
821 183
401 340
756 924
316 545
202 704
527 453
105 742
783 111
957 342
200 782
497 380
575 457
338 824
218 314
568 121
731 711
33 947
703 202
493 900
655 470
605 647
472 61
737 328
218 487
862 153
713 167
252 823
180 149
509 105
766 580
179 852
219 643
58 527
153 458
706 607
38 95
417 740
70 222
608 721
384 491
151 379
884 949
325 309
921 86
885 269
499 126
478 123
211 306
28 900
548 211
842 496
625 960
129 123
812 216
940 933
667 743
233 63
682 764
24 510
906 996
45 344
447 452
928 116
215 104
487 967
497 835
651 952
586 735
833 666
601 742
412 940
967 563
147 214
534 966
79 472
26 909
85 430
142 863
768 154
496 406
899 672
521 374
762 514
959 172
146 501
403 286
960 545
14 132
342 785
604 700
329 598
436 350
166 67
291 974
924 59
357 33
903 800
179 500
382 685
643 581
889 328
874 668
776 146
865 439
888 528
463 202
374 307
620 63
32 944
253 674
235 91
753 666
993 363
666 307
829 197
705 351
580 861
283 737
618 513
516 273
870 898
121 129
763 574
136 940
357 934
853 545
784 104
643 139
253 885
110 742
71 676
983 66
996 707
118 577
504 469
469 921
610 61
728 117
4 264
798 488
79 852
234 213
462 509
48 17
855 382
936 736
738 692
617 957
571 513
693 496
698 38
238 471
384 930
628 690
210 396
764 811
397 913
33 397
159 581
295 5
554 374
450 46
307 587
949 56
53 115
91 800
574 655
711 530
651 771
258 602
356 27
811 440
759 262
528 316
890 595
540 783
670 269
854 510
69 862
548 873
186 950
522 780
100 94
800 934
108 267
701 506
161 621
74 262
165 173
812 836
815 231
340 197
412 346
86 417
592 486
543 699
653 857
781 356
767 335
87 969
456 553
495 648
524 714
743 470
376 256
973 175
537 625
365 696
111 244
121 44
123 906
235 212
787 717
741 834
227 952
527 663
586 113
720 963
365 986
650 914
614 419
444 431
488 519
984 652
894 179
408 328
228 585
9 192
491 541
241 706
591 230
849 387
745 306
375 667
859 726
93 658
443 463
410 700
82 902
792 383
555 590
43 370
794 550
684 249
43 131
426 281
744 276
928 587
820 969
877 744
117 430
56 886
204 152
454 714
891 14
441 813
761 928
958 202
449 458
802 334
142 791
646 359
473 109
40 584
665 879
597 364
155 265
854 117
857 151
416 987
757 630
482 84
429 571
855 533
970 481
74 314
169 6
706 295
728 275
1000 536
196 873
284 839
911 660
291 567
899 180
888 985
61 129
212 19
340 72
643 187
455 649
184 185
4 487
957 455
856 230
838 458
662 868
165 820
442 395
775 575
904 700
393 392
801 283
535 95
366 988
409 115
926 968
31 236
599 36
490 14
366 661
538 208
296 731
118 542
784 176
698 922
115 772
391 101
640 164
551 715
509 4
680 496
614 169
229 389
232 503
432 233
875 671
470 913
371 45
91 428
789 35
811 951
663 590
266 96
271 721
509 870
661 89
849 137
68 827
181 196
882 339
998 389
159 692
454 679
789 886
996 174
212 925
484 922
929 484
75 235
952 443
721 807
437 701
384 551
593 319
519 492
632 675
869 666
342 530
530 296
18 212
535 985
412 677
43 683
673 336
412 508
809 880
666 907
833 106
550 71
32 183
679 495
402 345
830 873
129 215
305 610
235 993
587 20
368 206
352 707
919 205
300 675
852 144
502 281
841 385
672 357
657 503
253 526
948 473
734 231
187 642
774 846
41 858
244 887
214 923
54 752
225 134
922 100
581 225
874 381
965 66
452 939
220 159
441 51
240 581
166 861
926 695
601 400
451 341
567 163
624 475
552 392
326 535
699 491
441 463
421 865
745 377
484 491
671 897
33 533
890 104
384 185
276 511
298 595
405 221
23 642
154 991
746 85
340 774
440 640
862 903
77 245
745 155
68 904
949 769
162 85
992 300
632 259
798 122
542 144
279 986
489 742
989 689
116 515
308 221
181 73
509 620
826 286
406 870
704 958
7 573
322 49
232 18
603 160
27 492
726 174
105 560
731 260
176 517
60 620
77 650
960 546
812 579
392 14
856 755
255 723
901 243
351 76
744 808
249 398
873 708
933 802
293 67
810 191
919 499
159 196
939 465
880 439
95 545
937 48
973 690
740 643
304 755
786 471
491 103
199 814
340 384
144 155
243 409
459 530
27 886
780 264
28 549
857 651
197 426
40 491
98 289
300 933
249 955
766 752
178 329
265 899
663 434
81 530
742 329
175 532
885 383
908 394
12 343
34 507
58 501
867 813
634 544
376 784
488 970
34 362
892 166
392 688
798 376
980 635
86 574
840 14
750 529
533 245
38 701
64 812
195 82
416 389
370 244
336 428
926 111
983 10
290 277
3 1000
479 827
217 712
574 652
21 532
847 34
712 437
87 279
632 689
256 395
20 732
722 530
136 241
389 225
281 1000
13 565
624 524
941 837
817 895
630 385
924 24
673 280
808 481
277 866
118 196
264 371
840 978
838 717
625 144
76 894
226 61
677 82
553 476
518 898
265 348
249 117
529 91
731 861
127 124
221 487
905 484
792 967
361 764
343 948
862 368
610 505
751 392
795 297
27 707
84 784
412 799
865 45
864 100
101 627
441 406
382 503
110 188
666 200
561 22
409 801
784 371
604 108
331 226
54 117
112 806
684 468
211 602
305 417
362 658
898 406
148 105
276 38
828 987
43 373
480 585
381 624
746 316
513 117
807 367
404 322
834 651
636 259
581 654
734 323
877 743
34 963
99 699
372 749
836 348
964 425
124 94
531 774
199 396
972 908
898 811
709 932
631 393
869 276
18 350
460 207
479 61
227 172
797 200
142 903
484 300
952 254
210 540
239 608
557 857
173 676
636 822
468 928
839 115
696 370
326 477
753 839
311 427
33 375
635 359
505 14
457 748
40 133
663 167
97 852
387 504
923 218
946 89
613 329
481 408
628 523
511 177
258 119
810 568
499 729
374 747
487 392
272 71
629 111
382 935
219 583
917 266
990 432
793 788
277 963
983 537
620 949
414 268
749 271
609 76
976 713
370 632
742 480
915 987
176 897
28 930
759 581
767 823
751 402
805 726
516 671
521 819
689 521
923 695
875 670
573 715
423 292
738 982
140 522
90 877
271 720
661 88
917 206
906 175
929 272
358 586
821 354
474 127
293 921
209 250
851 567
247 326
416 316
695 510
591 569
583 633
929 114
793 539
551 159
167 150
498 811
959 138
618 520
531 915
332 987
623 249
902 990
906 405
816 878
198 443
697 488
367 684
351 107
280 924
781 632
123 408
126 809
823 526
882 198
189 13
373 848
744 860
356 514
621 10
749 598
240 43
677 153
382 913
148 937
511 119
94 37
975 883
444 44
732 703
742 602
771 493
899 32
666 733
763 547
672 358
540 421
887 542
357 575
12 78
395 862
123 949
288 750
326 874
511 314
205 635
741 921
947 458
453 381
129 351
348 69
349 316
131 761
685 322
712 446
675 500
159 47
567 162
269 603
149 5
466 139
642 134
292 531
372 33
38 886
195 232
512 678
785 662
604 593
461 21
29 881
105 251
127 882
414 149
146 559
444 916
564 617
499 931
567 358
825 899
254 551
439 659
228 70
376 689
17 939
569 390
838 905
570 169
227 222
912 920
285 186
379 67
630 664
320 531
307 783
380 367
329 715
60 621
385 893
207 750
394 741
568 168
507 190
238 996
166 65
939 323
304 918
303 168
650 633
91 575
236 253
825 424
260 157
905 320
177 136
108 455
108 730
239 927
39 563
563 141
527 878
92 627
458 101
4 297
226 137
9 629
283 370
925 959
615 110
364 383
239 893
26 144
982 931
127 40
513 282
32 656
306 275
605 173
418 697
841 949
907 212
420 287
461 757
615 980
541 785
72 812
879 547
888 83
119 878
148 299
414 324
845 544
370 384
175 885
578 86
768 659
487 916
850 600
203 753
607 935
846 101
557 142
617 931
357 120
45 544
713 400
494 67
846 148
924 550
889 695
882 679
309 118
829 895
738 916
525 750
690 787
621 765
911 329
255 771
759 659
336 203
566 305
592 924
459 151
795 593
680 735
690 584
377 514
674 878
87 391
750 61
933 995
274 32
902 669
119 22
458 21
198 387
200 840
304 946
378 15
914 99
679 289
131 343
669 483
425 950
248 751
212 394
341 362
145 55
734 499
627 833
905 461
228 554
323 178
100 854
62 750
980 117
583 312
749 592
164 90
202 277
923 287
529 132
749 993
623 667
662 952
934 701
261 881
802 567
175 555
827 232
791 397
462 61
854 771
656 400
349 684
974 152
998 34
980 553
436 527
15 977
864 194
404 109
225 536
63 1000
965 460
333 18
210 479
391 694
30 114
432 813
472 714
798 987
223 615
544 942
29 938
690 932
640 113
894 732
552 925
3 967
794 966
199 399
592 868
189 405
930 182
693 101
232 996
366 375
705 703
632 649
445 892
812 345
164 24
436 353
649 80
216 267
605 783
805 349
143 282
130 583
972 194
811 324
575 295
263 973
164 442
492 95
57 101
80 601
512 37
340 219
639 449
820 301
35 687
937 15
335 288
28 328
982 521
880 79
934 876
810 406
559 113
301 289
742 596
879 788
944 635
157 866
857 706
676 130
879 901
633 107
279 415
712 630
896 621
309 968
880 956
918 50
296 733
417 575
516 521
819 678
617 712
245 663
128 805
55 410
340 278
519 363
171 761
633 310
923 694
339 447
68 7
864 238
633 423
256 8
93 613
651 913
697 516
217 613
767 741
825 870
633 192
366 70
294 419
833 691
595 588
669 301
969 853
928 617
86 833
858 230
308 251
146 746
312 254
403 41
208 63
838 831
964 398
200 595
772 729
204 11
702 286
545 65
13 747
643 844
389 824
816 540
645 119
494 439
530 293
796 485
601 843
606 468
199 38
776 73
70 785
930 750
481 310
190 654
321 813
929 558
35 587
369 537
334 981
460 688
361 921
531 447
933 511
39 876
634 86
887 616
875 160
912 182
623 914
386 5
794 134
886 288
46 43
283 695
267 266
568 551
606 931
184 816
666 508
210 976
113 131
619 52
197 214
720 909
257 129
757 430
861 401
712 737
901 889
149 4
222 714
119 826
304 115
432 706
55 510
148 204
487 439
101 364
848 456
423 459
523 25
121 663
642 937
241 490
646 993
206 792
63 177
263 435
747 724
792 736
183 238
721 49
274 300
461 374
134 164
545 259
907 356
67 195
638 654
363 808
143 158
219 268
826 284
989 800
575 187
638 537
965 579
722 942
899 774
482 329
890 570
302 676
656 834
877 976
289 303
57 827
350 848
620 357
263 251
313 530
595 3
29 470
51 130
169 51
758 287
902 741
670 763
175 83
456 929
808 406
443 685
247 911
305 652
717 683
294 708
297 288
688 959
710 188
892 695
991 550
144 157
643 245
909 106
412 902
914 448
148 684
899 428
719 311
64 499
504 250
452 890
606 927
718 629
24 609
872 297
272 287
864 473
439 157
244 107
429 487
965 181
72 188
552 358
898 366
242 628
478 844
392 803
1 617
836 166
709 176
380 746
56 656
332 581
719 875
243 34
760 120
120 279
968 69
141 789
486 840
807 500
332 980
444 970
211 599
513 111
146 528
953 352
646 973
280 246
725 972
176 263
711 745
161 181
56 861
534 630
578 702
523 227
323 329
90 68
988 557
701 939
204 83
26 799
262 631
394 567
242 365
647 608
359 518
530 366
327 36
865 645
46 636
684 965
308 759
95 169
504 327
373 791
105 989
108 36
791 431
536 641
296 166
4 383
559 239
339 776
785 363
396 193
403 95
199 780
4 270
960 460
839 828
986 656
572 217
239 540
837 887
446 782
219 716
993 485
559 434
826 427
133 107
505 707
692 721
452 862
128 572
520 578
650 913
957 755
524 954
266 902
447 289
654 525
332 651
29 613
413 966
159 230
783 984
715 958
594 197
889 903
29 534
339 418
216 741
349 482
101 164
606 876
219 57
826 3
112 951
759 931
389 271
745 81
689 845
90 774
676 513
574 588
133 778
555 896
787 261
402 797
973 210
538 593
671 415
473 336
479 174
356 187
433 962
371 224
822 363
983 514
228 381
907 906
674 883
568 242
878 403
881 93
596 704
8 425
448 304
670 511
749 94
967 171
705 306
274 404
39 660
96 950
544 474
230 989
982 300
142 167
740 758
398 31
179 94
143 571
335 291
782 870
335 464
500 128
541 694
606 964
573 261
206 470
979 82
562 22
927 274
782 563
418 766
816 405
944 346
908 509
124 986
414 370
963 408
884 972
885 309
194 648
768 711
272 502
572 801
955 171
656 268
533 186
663 587
668 983
315 697
337 33
440 342
148 15
846 162
595 990
245 857
508 61
462 730
601 654
623 563
548 639
56 789
88 946
385 629
355 803
919 792
364 691
57 173
534 937
294 130
703 34
483 199
432 647
949 494
39 346
475 108
670 328
892 232
665 460
38 22
701 462
118 352
320 471
325 586
482 119
199 950
633 714
298 389
887 325
1000 631
50 290
251 431
35 586
930 862
92 617
255 495
348 515
511 113
524 574
508 985
752 39
167 804
386 915
406 86
915 916
156 521
175 287
508 840
988 450
280 513
117 236
67 987
853 664
103 9
583 259
770 188
475 430
849 669
421 524
138 58
888 325
325 416
609 253
224 93
645 893
297 647
63 764
874 139
549 401
944 132
404 192
814 783
345 872
348 357
898 528
263 140
581 913
140 601
159 335
453 558
556 209
613 256
390 17
708 20
176 141
819 853
289 994
716 527
868 850
261 268
928 519
350 682
988 731
459 399
21 652
59 585
775 279
854 756
803 598
91 216
552 854
94 681
485 448
678 689
207 891
439 714
48 516
181 872
829 684
498 988
545 221
473 285
778 589
526 231
657 916
344 441
986 1000
881 246
995 525
796 121
818 737
601 215
337 859
221 766
576 915
959 620
174 812
800 235
235 974
984 340
540 229
198 97
398 551
572 310
630 100
761 251
302 67
305 877
202 511
481 203
116 281
373 374
283 658
982 784
257 883
756 610
462 180
174 232
839 526
456 461
516 563
735 585
760 155
282 329
780 248
140 799
968 360
932 259
439 27
166 975
923 704
371 321
695 124
20 820
206 91
50 767
750 532
732 487
881 923
163 804
8 995
691 937
930 30
912 29
104 923
220 807
931 440
829 893
940 314
872 384
447 218
105 503
747 832
208 871
170 189
522 982
635 931
602 216
33 227
566 311
35 881
578 321
544 721
618 590
90 359
312 917
969 981
307 154
165 216
958 810
61 919
104 486
303 78
714 611
422 963
65 812
79 567
515 767
40 797
757 944
776 145
110 585
875 333
904 137
66 859
22 780
671 625
984 451
657 35
508 769
353 338
880 180
420 95
957 272
553 643
817 908
128 654
202 275
240 674
942 588
770 100
37 419
427 523
671 804
50 814
182 96
153 15
962 783
288 802
28 857
31 42
289 735
275 540
945 948
672 876
405 786
651 230
840 45
803 419
849 312
950 128
727 192
60 979
647 387
171 458
624 829
147 165
43 20
704 842
100 67
393 37
183 816
395 690
755 297
243 637
597 187
394 601
712 468
181 831
844 209
95 857
924 857
854 30
730 24
434 493
397 759
345 62
992 726
863 324
811 297
596 705
475 122
356 410
293 223
530 339
783 135
986 817
734 691
796 50
865 925
644 110
761 480
486 571
912 430
179 161
132 662
847 534
61 157
479 633
838 447
623 779
37 148
424 231
600 64
411 483
479 714
749 673
326 242
511 178
614 609
409 198
598 590
1000 841
715 750
454 342
19 855
538 173
940 521
980 250
139 298
177 243
483 969
232 733
853 997
451 381
163 49
326 559
917 376
916 118
519 724
831 710
443 257
672 793
175 702
658 829
732 340
43 436
746 125
289 852
366 874
432 892
430 731
698 107
211 206
846 163
152 75
161 131
238 403
4 591
673 808
507 465
51 748
806 588
682 950
459 371
812 309
560 422
265 14
393 65
51 541
214 251
660 897
151 526
464 346
726 134
295 854
808 783
184 41
256 630
721 262
425 321
668 267
63 339
800 883
694 595
860 847
424 647
955 933
411 899
621 118
469 249
204 428
482 209
772 392
632 901
984 238
554 192
866 238
903 823
133 451
155 55
800 192
305 614
657 201
677 134
235 197
844 697
1000 19
666 681
574 278
226 224
45 604
50 434
35 474
507 649
933 509
741 190
648 355
779 971
525 163
165 724
684 964
540 416
745 690
46 41
710 112
241 979
705 400
102 192
49 468
784 1
456 583
455 796
992 83
646 554
707 552
210 240
908 369
665 92
849 463
817 169
882 401
663 622
48 505
189 648
337 925
300 295
86 752
881 481
12 253
99 409
821 723
130 769
461 372
190 306
855 36
90 110
919 96
543 667
160 848
217 865
34 889
695 588
420 642
31 142
248 905
726 162
752 553
318 158
630 537
481 517
961 275
213 70
985 405
522 740
597 288
263 902
814 958
472 234
593 355
442 779
39 607
776 103
522 631
541 313
545 830
530 42
307 95
32 24
535 735
994 447
705 48
924 470
841 464
71 351
807 555
513 591
61 197
960 591
605 392
495 736
900 750
518 821
142 67
67 809
467 3
500 802
408 595
944 517
102 285
564 65
269 666
25 462
667 779
816 463
706 815
430 855
803 219
606 812
572 900
701 744
67 724
870 170
536 546
230 147
401 937
698 193
519 704
718 132
721 736
522 403
137 631
335 636
708 506
485 47
488 861
784 410
953 501
974 93
707 802
690 556
659 583
608 173
139 819
581 662
180 337
287 543
880 762
241 357
793 446
707 64
301 751
307 590
894 566
788 135
66 507
194 36
565 979
548 775
865 953
55 817
973 270
612 82
887 200
686 909
979 766
271 201
165 374
578 497
544 321
473 852
659 112
553 661
203 28
226 983
869 559
907 846
730 295
717 619
316 196
264 375
356 709
655 277
108 38
550 85
365 401
580 939
420 146
231 296
217 426
164 359
239 813
610 147
993 281
973 803
278 251
923 242
482 798
624 91
454 472
883 758
886 511
182 502
420 431
466 413
699 529
69 64
451 828
880 915
644 606
433 281
867 623
440 272
563 678
220 67
451 439
28 858
812 472
609 405
348 191
276 460
405 160
797 638
295 564
732 85
309 260
641 237
668 973
63 789
987 129
626 579
932 518
419 429
738 853
958 514
542 861
954 860
945 661
3 126
128 489
332 841
670 33
963 57
418 382
402 795
648 607
699 950
104 7
927 547
252 391
328 591
780 286
648 558
684 162
636 509
1000 796
142 792
750 109
503 157
648 957
649 452
373 550
363 528
968 654
596 706
977 960
687 757
981 904
790 742
294 977
406 767
522 700
579 933
1000 654
71 1
398 851
271 451
987 80
558 749
649 823
321 838
184 586
352 572
460 655
214 234
283 398
984 49
303 835
362 397
35 545
951 631
425 689
463 137
88 149
163 325
735 861
187 347
595 326
98 370
740 933
743 326
467 59
984 335
583 281
452 813
3 313
992 874
849 695
331 664
705 395
525 96
219 603
92 459
20 536
738 309
776 714
747 979
836 986
140 849
90 676
288 932
495 936
461 779
135 206
727 528
180 981
987 463
879 725
37 696
332 568
774 419
737 995
51 928
512 734
620 599
309 280
262 102
898 630
827 324
629 592
797 841
337 944
390 186
673 958
274 892
859 983
99 586
281 537
502 517
138 178
376 665
626 86
630 769
242 126
189 581
464 460
88 616
730 987
547 675
807 109
242 209
830 470
632 569
747 920
532 324
790 928
21 953
208 848
964 687
273 788
716 56
863 443
665 846
227 93
66 197
599 493
88 821
473 253
492 47
184 264
392 837
227 426
692 160
51 216
14 460
87 597
420 803
688 775
377 394
782 977
216 8
649 956
482 855
757 689
120 723
887 613
817 570
109 741
719 348
45 893
67 989
818 63
213 711
771 143
97 86
939 965
743 251
232 683
145 890
934 760
349 312
794 423
652 9
418 883
831 741
856 323
564 928
444 690
450 435
845 794
332 947
637 408
200 261
533 77
115 434
524 384
604 886
586 729
938 430
242 19
208 143
394 316
643 911
305 407
156 278
125 951
424 582
373 621
856 585
693 90
473 63
56 17
440 176
246 260
856 760
963 700
52 965
18 53
751 709
810 41
630 446
317 487
91 646
496 86
39 606
649 254
840 955
1 799
93 433
772 252
520 109
904 908
779 776
327 904
935 621
933 15
737 646
805 488
444 204
464 786
619 870
726 734
810 264
75 1000
499 740
207 223
359 48
473 661
650 873
278 62
762 277
654 389
857 575
791 244
228 716
135 880
927 468
231 971
768 611
549 290
219 899
914 227
996 713
281 228
335 857
248 113
474 767
37 751
132 921
974 128
617 645
893 816
340 388
550 807
475 219
883 198
21 91
975 286
776 992
29 672
871 921
717 727
528 643
234 497
699 857
777 951
190 275
592 882
366 125
295 3
891 430
690 783
820 866
548 689
305 849
566 222
927 735
626 224
698 728
959 206
414 689
858 194
640 725
750 176
421 172
497 135
636 815
752 308
973 704
723 661
582 883
905 352
448 501
140 411
583 897
711 76
606 290
204 530
226 54
615 560
818 786
363 115
255 417
737 674
615 362
352 640
792 861
886 77
580 808
504 827
107 118
383 461
5 993
745 760
174 40
535 49
23 797
602 862
823 378
755 544
439 77
775 759
867 622
428 741
283 993
48 45
326 961
845 623
955 19
331 989
758 964
462 1
445 784
270 884
825 515
571 227
556 373
279 714
694 239
606 555
129 165
292 599
556 260
760 919
428 151
767 636
440 701
315 527
599 791
744 966
674 458
983 180
915 972
440 300
719 622
794 595
126 912
730 853
623 2
373 505
551 222
702 407
189 544
66 429
266 315
893 280
949 102
626 181
113 974
170 159
315 858
941 898
195 736
983 267
915 27
313 365
26 894
545 42
673 477
123 2
530 318
839 328
252 358
297 762
625 85
23 268
448 418
714 901
531 201
978 782
282 809
669 683
178 198
970 378
164 309
112 78
240 915
352 573
390 819
449 28
141 35
804 741
566 972
370 945
520 180
169 298
776 286
211 227
726 518
516 320
314 728
171 817
758 151
154 1
482 914
637 990
670 969
602 899
641 561
625 610
588 626
348 975
759 85
477 237
300 874
302 22
923 597
662 88
130 169
149 891
480 46
187 409
562 228
429 411
547 264
344 717
715 854
846 276
974 841
391 99
339 466
33 515
555 642
765 205
603 670
419 507
298 500
388 650
195 929
962 563
465 105
85 704
395 322
909 109
802 27
219 439
927 181
476 610
192 884
447 143
604 770
56 792
319 339
775 445
410 605
104 100
569 478
661 438
650 185
446 476
328 563
765 738
713 799
381 761
683 785
856 541
375 479
485 651
35 896
877 121
844 70
701 459
338 819
925 259
853 113
35 785
41 384
731 589
292 279
682 411
832 292
995 976
322 538
985 202
274 665
472 430
705 219
373 125
486 692
841 395
97 139
499 523
790 488
192 161
466 320
899 436
131 990
353 82
500 231
835 894
379 990
196 760
966 396
111 527
300 668
814 48
383 809
415 47
700 175
505 617
697 897
526 390
44 218
906 653
241 439
357 877
607 825
3 583
279 754
450 432
552 684
57 274
206 855
647 39
225 580
599 878
105 254
824 620
751 147
417 41
557 310
834 605
119 453
11 350
855 433
306 910
105 320
937 860
416 349
222 850
756 729
298 913
392 214
858 105
252 456
290 749
184 88
113 918
792 279
652 983
928 343
373 206
980 90
419 928
649 3
759 424
584 461
469 42
34 601
274 72
979 216
929 748
218 413
131 382
227 457
389 570
514 677
307 417
951 920
213 791
822 879
696 303
345 354
649 991
83 375
676 480
948 589
696 414
598 456
936 397
349 200
667 239
944 936
122 322
224 311
166 657
649 697
279 338
690 23
893 636
802 697
382 227
559 267
391 133
552 475
805 951
903 366
228 604
727 618
560 598
858 759
876 524
440 580
367 363
149 36
25 238
807 2
941 72
746 32
99 854
832 537
219 588
336 357
642 790
590 960
383 834
405 876
232 324
971 747
673 268
841 575
699 969
39 168
133 931
798 943
466 684
20 410
270 324
753 384
152 675
480 880
907 533
470 415
476 984
840 104
151 560
498 876
541 72
816 585
946 664
944 324
976 399
834 101
484 702
748 588
950 951
791 625
498 590
407 136
908 691
90 700
873 682
674 589
877 210
127 439
941 841
40 881
95 149
616 324
999 579
166 320
443 717
390 852
744 552
918 840
671 933
289 769
567 573
469 514
108 198
182 581
475 161
114 883
317 974
378 716
487 98
487 708
993 505
422 198
82 125
310 296
81 624
633 195
852 283
2 780
306 387
988 171
719 53
499 398
79 612
269 147
405 174
337 168
907 228
654 819
146 846
629 969
262 120
78 4
823 7
33 320
215 184
841 761
940 251
299 133
944 254
626 976
418 269
986 942
20 41
646 941
523 178
981 35
798 120
560 176
582 723
795 233
915 828
328 738
935 385
519 198
389 45
427 246
229 814
333 704
302 267
244 724
468 601
820 246
802 329
713 866
200 651
38 159
845 357
977 949
941 786
622 41
276 727
800 985
29 489
342 848
147 866
296 360
540 923
407 172
708 705
605 699
625 37
329 480
290 870
666 545
815 128
193 145
711 51
415 758
397 39
435 204
943 44
156 690
31 550
322 678
914 354
572 266
918 378
296 21
830 598
118 964
193 435
771 4
365 661
996 989
596 247
762 219
288 731
334 271
743 209
266 983
799 323
412 889
453 131
456 441
510 76
370 739
233 884
206 325
23 913
941 238
926 578
159 49
549 505
680 360
230 206
784 198
487 252
485 20
158 906
234 276
770 280
208 391
595 885
651 7
871 928
163 612
243 629
718 109
846 166
152 78
775 158
263 330
324 692
695 327
517 611
220 613
648 750
946 245
150 856
891 504
484 50
932 238
218 66
552 894
792 141
284 377
982 128
289 149
513 971
453 906
111 354
574 846
920 881
480 824
501 578
124 239
933 981
146 393
440 426
786 622
816 879
252 651
694 598
554 429
316 936
928 425
626 881
657 940
329 563
611 421
762 827
895 997
507 940
606 360
734 317
945 266
496 443
613 608
32 829
730 396
770 999
164 298
862 129
820 852
807 512
207 340
602 200
342 713
457 433
955 660
672 380
451 687
782 450
952 732
584 325
739 805
949 551
413 815
540 419
310 353
116 432
812 301
488 567
594 871
81 952
652 11
440 937
512 31
781 671
569 972
378 492
971 992
363 13
510 330
171 728
256 389
779 674
184 994
569 573
453 554
129 236
572 688
422 555
43 290
975 693
651 35
500 715
106 334
223 533
527 732
284 703
930 105
513 951
349 467
43 192
229 203
317 665
90 28
972 978
351 407
501 550
372 850
360 890
481 538
873 572
587 378
825 321
114 344
867 43
2 462
476 569
517 317
494 694
838 788
670 395
317 199
753 729
308 574
834 450
16 333
132 943
844 559
266 776
211 154
430 120
296 892
685 510
10 694
55 926
68 384
805 331
407 521
379 874
197 181
291 48
583 784
257 224
281 234
871 181
435 881
706 619
537 473
10 379
391 938
529 589
898 282
239 172
291 953
389 278
185 209
44 98
355 641
120 506
157 139
803 745
426 188
318 486
428 610
388 240
872 19
199 310
865 958
416 883
721 306
1000 503
431 291
363 553
38 195
761 750
1000 262
618 989
881 5
566 842
21 864
459 823
78 883
964 880
753 963
347 22
549 967
326 488
473 932
874 666
888 965
71 316
878 564
438 577
296 58
832 156
905 576
247 543
620 27
770 862
329 182
202 396
204 754
44 607
290 401
970 905
113 722
338 207
257 851
416 344
495 999
169 494
944 691
943 591
693 792
132 1000
3 480
296 630
426 717
979 923
194 673
519 805
988 91
201 319
755 832
448 179
546 445
603 692
56 689
698 224
951 246
367 511
13 37
765 152
872 358
825 739
698 83
681 775
959 296
506 960
68 975
34 107
590 76
725 127
119 396
47 723
176 472
530 651
180 304
787 264
381 497
77 920
137 451
781 794
682 865
516 361
584 643
894 928
330 583
856 821
475 530
591 832
65 786
172 722
66 77
826 563
576 642
938 41
338 845
104 439
549 753
805 327
865 676
22 595
8 61
9 836
206 436
764 378
542 183
704 936
114 547
353 505
209 893
504 635
303 991
929 516
490 690
588 831
723 544
463 229
744 517
382 379
415 646
993 314
705 366
268 420
697 770
516 322
500 141
282 120
411 404
892 875
876 288
165 653
192 357
980 262
654 579
504 320
291 123
737 31
335 701
227 813
637 574
709 81
582 225
982 217
771 946
921 65
693 543
944 302
529 900
702 885
137 547
194 564
710 724
729 526
922 460
779 77
209 498
603 257
819 892
111 30
208 279
997 25
571 145
267 910
271 147
513 938
751 238
163 625
699 236
681 659
780 704
360 97
686 929
901 340
315 779
872 476
670 147
655 869
750 413
200 601
228 399
981 855
374 18
508 621
679 48
592 90
243 714
928 186
839 302
742 473
355 149
657 931
182 966
806 12
700 519
972 284
614 965
316 792
887 467
726 983
451 995
804 549
771 308
772 27
557 967
15 851
235 985
36 798
643 270
666 693
460 686
448 174
16 354
514 481
52 544
571 752
496 666
300 554
562 469
457 1
261 913
502 966
620 519
92 315
323 807
992 777
793 840
847 389
280 693
396 379
20 575
885 355
763 779
125 302
16 814
951 24
318 581
375 682
410 474
676 785
484 341
603 764
25 177
237 598
186 500
595 784
688 94
63 814
67 427
899 257
824 622
971 705
533 74
25 931
742 880
414 815
72 322
219 405
739 714
427 870
864 219
179 605
858 196
493 159
95 767
523 330
806 511
117 964
744 114
341 178
467 749
821 558
422 71
388 51
636 151
892 265
40 520
863 408
545 833
857 215
624 710
660 630
189 42
781 486
328 776
910 797
257 650
934 204
114 619
23 423
761 412
338 567
468 86
931 598
787 986
536 730
302 213
692 933
861 826
663 228
135 591
46 222
305 864
417 814
148 682
274 925
376 459
387 727
707 746
211 507
317 789
162 717
568 952
435 707
718 494
665 226
538 16
352 35
797 997
444 627
852 368
504 478
103 270
179 710
366 964
738 619
949 587
200 70
326 762
614 105
337 211
263 239
410 673
711 961
470 977
872 743
465 183
907 472
204 343
162 113
575 626
128 1
717 449
900 756
99 566
704 756
564 596
356 983
436 967
399 253
320 680
102 526
251 960
198 841
115 657
532 25
605 504
350 532
441 792
544 615
519 231
420 674
80 199
356 284
998 679
859 431
436 148
407 277
869 730
60 659
57 970
522 644
806 702
269 357
951 841
553 298
716 210
835 249
131 348
739 51
669 708
908 572
486 438
334 763
365 397
352 532
350 483
65 369
891 717
729 154
503 515
987 906
736 650
456 722
961 831
781 236
486 882
995 913
255 176
701 949
567 335
562 413
875 110
123 901
966 443
605 790
802 829
776 579
631 549
589 773
326 949
482 751
893 655
414 280
89 823
399 748
770 16
885 347
462 4
429 453
271 550
985 297
629 806
903 221
764 755
671 65
448 705
713 347
128 207
96 179
850 996
867 990
284 962
564 160
116 412
893 66
659 758
399 307
85 604
135 277
543 424
51 870
270 516
459 509
1000 497
423 30
831 365
321 508
817 471
655 197
668 542
172 941
300 768
565 898
103 839
911 111
845 402
225 989
748 739
86 30
161 437
159 838
473 459
592 127
394 725
108 721
171 799
294 122
920 565
575 479
545 152
13 930
415 978
381 820
644 196
352 978
169 252
481 690
99 127
190 778
467 387
415 611
338 5
203 397
28 208
486 572
912 419
775 881
786 388
476 482
330 766
792 781
374 449
326 100
148 780
761 197
136 672
271 381
828 109
486 174
528 369
545 693
134 746
3 289
353 932
466 125
823 101
838 237
918 53
958 726
97 296
297 830
73 373
767 831
471 210
219 893
782 107
392 737
798 297
581 935
512 722
513 143
393 668
42 609
741 289
286 108
537 178
59 690
522 294
335 673
401 663
848 312
663 807
727 80
203 924
556 920
25 736
544 560
285 174
843 716
860 550
772 704
590 331
774 314
75 335
925 510
322 85
87 471
437 644
385 873
601 803
892 230
450 817
696 701
553 576
169 847
557 804
305 627
901 249
403 746
408 896
833 97
943 492
571 789
967 449
866 235
630 368
439 551
179 128
903 679
739 472
45 599
636 560
345 527
311 308
832 197
995 691
492 682
947 308
822 928
927 786
634 448
932 55
907 500
82 254
63 762
102 84
763 778
997 63
606 708
21 210
633 362
409 880
987 303
971 994
231 353
111 863
348 355
497 543
426 533
335 615
525 755
765 238
909 660
2 656
149 239
734 72
181 190
366 250
257 326
977 55
775 252
64 840
525 981
161 162
885 855
707 107
411 550
603 10
242 158
260 321
138 805
178 758
837 869
792 282
665 524
152 761
959 214
941 967
179 288
679 215
898 922
259 664
800 916
29 318
274 71
321 410
958 485
762 746
924 13
230 780
981 61
711 100
604 963
420 835
203 341
187 584
80 536
210 619
174 822
70 903
52 662
145 476
58 983
757 855
867 267
815 43
672 299
451 764
643 250
754 683
978 759
671 552
781 88
213 630
823 509
112 375
365 859
120 866
391 369
983 763
947 385
865 24
738 262
749 902
510 138
573 440
775 796
796 729
858 754
840 345
289 565
788 729
537 479
991 878
760 16
689 52
836 173
84 586
676 822
167 701
777 729
124 766
140 635
755 900
298 719
815 998
561 195
214 491
499 852
399 335
632 296
65 633
945 765
432 904
307 548
557 424
262 844
229 823
471 734
733 743
935 986
99 279
530 583
379 103
911 198
860 750
717 179
720 89
976 499
639 870
207 757
221 905
734 482
448 299
69 725
86 221
126 798
164 575
735 160
464 581
599 401
471 770
368 33
1 744
257 518
222 190
961 830
159 457
292 8
956 119
973 943
283 711
253 973
913 844
54 518
700 12
649 730
192 283
174 159
323 547
361 372
32 692
605 137
535 162
918 880
188 975
281 91
121 276
874 186
749 874
382 109
845 619
831 680
107 694
145 917
232 413
952 187
120 8
337 62
465 1
674 343
710 633
771 647
243 180
427 973
110 196
536 411
555 457
39 248
685 838
136 392
543 312
802 98
108 925
164 927
381 399
238 104
973 203
376 753
693 252
286 326
406 345
56 239
880 738
755 303
99 307
246 678
543 606
346 400
220 849
481 983
722 751
288 49
885 607
592 15
4 917
189 143
446 262
378 184
30 577
863 467
725 414
584 452
855 559
643 391
694 906
117 334
255 496
174 878
66 527
549 930
311 467
810 414
499 563
227 736
945 445
526 370
452 667
808 115
737 819
25 367
227 625
301 426
875 77
969 384
692 785
62 797
67 629
413 641
784 27
283 402
797 827
745 506
447 614
158 751
461 147
900 848
116 125
101 495
746 980
396 695
914 948
976 593
812 239
392 738
154 961
854 918
626 529
715 800
935 755
578 940
903 81
724 594
567 484
682 670
849 135
6 92
33 466
362 526
480 990
134 176
119 402
11 391
843 638
350 578
333 272
29 901
462 588
191 182
413 408
345 322
753 333
610 718
705 738
262 679
643 692
806 288
19 110
77 668
797 163
89 246
986 876
899 623
994 691
61 872
764 297
201 637
454 857
94 240
763 227
286 934
473 881
153 627
703 495
250 133
394 955
400 180
697 578
574 280
667 406
995 805
260 308
340 118
515 842
330 140
370 977
369 738
903 723
207 198
340 299
637 781
66 642
505 418
583 363
697 796
46 75
187 378
940 596
796 976
6 602
73 119
935 851
257 872
993 38
131 851
500 18
982 894
732 837
41 610
650 592
832 787
689 190
926 701
672 972
583 549
740 800
178 284
379 673
326 668
148 212
538 988
6 798
707 959
729 943
396 554
254 882
312 469
280 115
57 771
599 874
266 10
565 694
784 451
823 866
409 514
357 476
358 623
362 610
751 12
702 448
168 951
379 237
786 615
933 660
698 363
5 129
25 707
145 539
19 29
590 420
313 312
578 372
852 651
568 194
142 900
863 373
310 671
722 695
422 115
744 899
122 795
801 332
765 627
414 745
346 675
630 435
497 277
152 920
264 242
375 300
583 779
237 331
614 999
407 209
635 472
682 196
402 435
238 982
202 4
234 979
840 670
987 977
277 423
285 900
743 308
671 555
446 794
329 726
550 668
330 307
770 740
927 322
382 231
462 191
430 857
569 787
749 901
707 637
569 892
995 35
440 584
901 837
371 112
194 715
376 794
598 965
270 780
16 923
935 554
435 117
190 551
267 234
599 445
310 140
901 615
975 650
392 521
4 638
578 519
426 296
101 106
945 764
30 430
641 219
458 665
242 48
149 484
206 751
228 99
502 582
708 789
157 57
103 861
52 273
937 717
720 203
994 934
721 166
795 699
281 837
375 125
512 199
772 665
555 27
61 718
668 474
264 944
450 967
568 222
807 897
229 482
959 858
891 112
820 60
260 235
600 100
943 310
467 489
783 334
142 322
364 182
700 696
297 553
981 321
622 589
3 41
847 680
776 359
559 100
942 340
981 179
88 191
677 41
515 898
348 881
852 65
836 718
340 285
988 385
291 243
787 726
538 336
248 180
266 575
70 971
841 161
111 579
292 239
274 782
742 355
103 223
841 50
457 825
242 513
542 538
923 564
138 324
50 952
628 509
810 910
651 142
554 768
194 559
453 606
898 509
23 732
671 208
604 21
346 261
50 70
771 646
902 428
25 1000
617 902
233 909
492 750
453 304
574 628
295 77
725 1000
251 881
244 971
53 43
551 796
916 495
204 393
811 243
3 974
704 833
946 854
192 166
973 347
833 456
635 836
755 161
284 384
18 340
613 773
562 793
403 355
647 956
29 114
584 612
776 86
471 801
807 651
574 146
79 528
454 737
192 956
965 543
342 566
476 508
937 118
98 42
966 251
344 150
735 970
866 39
403 799
499 562
329 87
577 297
226 313
652 317
987 694
628 652
447 528
528 386
505 743
142 465
148 467
684 765
991 899
417 683
235 459
516 754
103 336
162 354
644 448
37 674
846 392
613 387
633 317
301 877
68 8
819 976
951 215
186 479
168 702
595 889
832 581
30 196
585 307
395 217
542 661
928 755
324 688
197 718
733 524
989 674
847 72
411 604
907 371
964 352
642 764
261 50
778 492
29 54
659 355
39 320
97 473
925 508
285 861
603 206
809 579
350 893
207 796
762 613
618 897
617 233
15 229
147 789
829 753
296 898
521 228
9 788
56 345
919 480
299 591
999 566
710 431
209 624
771 313
297 162
703 494
888 117
304 706
680 893
97 797
905 168
304 593
101 487
19 666
166 543
313 953
633 812
616 702
528 704
585 945
554 636
168 207
704 1
582 38
320 317
89 595
163 500
993 826
581 892
780 163
317 611
897 998
432 467
766 338
141 437
179 638
552 484
777 451
277 213
742 299
762 477
859 589
646 731
366 559
261 705
297 792
194 740
671 906
623 503
708 749
569 976
914 921
681 930
922 339
194 535
537 114
91 389
204 871
794 754
874 72
881 151
864 882
405 964
544 880
465 217
589 224
890 865
63 9
413 458
552 862
755 377
60 769
111 931
267 653
454 521
223 324
247 66
804 791
809 703
368 345
475 607
739 826
226 859
851 936
564 183
696 103
569 223
146 120
283 177
153 636
532 580
130 516
369 978
903 899
152 776
212 376
766 803
325 935
416 653
491 451
623 618
592 502
22 905
335 370
378 979
70 901
933 9
862 146
948 586
251 717
188 199
80 824
616 666
230 334
486 804
892 831
876 212
1 428
791 157
528 443
451 540
931 774
92 282
934 655
872 814
979 18
429 77
158 661
840 460
489 226
785 445
257 228
318 991
600 460
283 904
582 300
713 211
288 994
864 65
421 778
798 468
193 955
379 588
159 154
931 245
492 997
219 167
419 297
828 603
560 217
384 876
11 147
713 269
831 553
807 495
556 173
591 421
500 602
211 937
950 332
493 239
613 14
318 490
780 651
68 757
217 725
859 130
147 152
359 29
280 381
838 892
358 874
717 177
721 310
136 252
744 81
462 820
835 314
143 411
496 138
994 649
811 453
649 34
246 378
636 182
428 787
17 312
626 508
863 505
578 123
796 38
411 64
213 212
714 619
985 694
97 635
151 130
389 537
528 987
534 978
308 623
867 216
961 131
9 526
728 178
601 420
620 384
268 857
557 467
473 985
730 988
974 699
350 369
600 108
607 299
455 558
60 62
443 942
660 903
400 923
697 859
975 803
336 793
26 109
158 422
373 338
742 543
912 6
698 539
292 232
844 813
519 603
556 816
232 745
139 151
983 526
159 88
110 654
997 702
124 181
836 892
488 898
984 519
381 73
272 387
440 613
477 470
465 502
727 506
784 366
471 184
707 737
885 634
500 664
176 254
789 900
637 608
7 203
105 185
752 940
413 630
241 425
385 503
453 658
792 587
517 923
885 781
725 600
247 484
945 616
566 376
55 33
518 511
655 214
833 463
996 13
651 730
669 992
565 48
413 291
821 166
695 653
792 395
973 299
544 757
941 781
160 14
611 319
639 661
985 470
606 486
592 144
995 45
208 649
373 833
174 658
288 273
454 130
420 822
649 824
13 129
515 707
753 892
274 687
349 292
499 900
70 973
790 330
75 950
407 879
473 149
879 911
236 643
537 714
975 152
728 859
644 569
538 36
387 528
997 577
279 518
143 382
505 599
803 152
236 812
918 187
82 493
764 675
374 819
759 888
171 755
505 945
197 939
54 44
36 495
612 590
225 562
813 209
415 627
492 700
842 675
497 850
238 411
20 202
243 259
321 664
415 606
971 519
128 379
789 890
80 100
333 270
963 939
894 625
806 471
934 280
772 707
649 408
831 96
601 951
549 775
416 21
401 327
274 207
366 281
593 299
498 945
281 941
138 622
548 981
131 507
773 72
523 657
230 871
212 758
289 830
970 422
16 530
408 899
541 301
688 687
286 932
394 982
568 501
383 220
4 169
189 115
884 39
763 338
766 919
266 966
39 960
669 570
31 513
876 98
757 225
540 265
804 406
438 956
40 507
297 492
979 136
339 41
50 140
969 418
537 678
962 941
589 714
154 769
376 145
127 748
280 855
337 346
690 734
870 298
976 815
120 261
86 558
552 658
483 558
11 199
965 394
163 896
641 200
355 616
638 805
627 20
501 783
82 611
446 128
855 60
52 319
885 965
464 431
651 661
433 944
758 161
612 422
613 971
172 519
679 641
51 494
125 823
511 728
262 528
670 429
798 742
969 800
659 92
843 462
890 290
193 50
771 276
60 309
23 419
47 41
427 205
30 121
973 823
306 36
662 841
221 407
738 35
403 854
813 691
875 134
527 529
966 83
735 658
738 146
830 738
580 721
227 907
283 621
236 749
676 204
988 302
606 901
58 679
684 567
296 752
79 15
324 166
624 356
756 161
131 734
67 732
504 482
802 921
439 772
650 709
922 366
870 104
33 717
140 743
560 161
856 491
722 51
353 572
318 574
634 935
374 615
525 532
214 639
966 942
94 961
475 65
112 901
461 46
872 747
927 665
546 372
52 509
641 168
346 222
792 44
189 676
354 596
726 484
727 21
929 70
142 661
803 637
271 51
642 677
294 14
96 727
795 701
959 102
800 725
963 867
548 783
702 220
207 806
133 79
82 873
303 371
235 601
507 162
934 435
99 502
425 144
35 862
397 347
117 710
902 556
527 177
342 953
761 467
96 987
943 417
799 678
946 214
529 454
452 531
14 318
537 979
849 440
699 401
796 884
211 204
249 1
505 495
641 957
179 874
128 744
902 600
795 436
210 876
690 162
339 112
175 478
606 982
239 523
593 659
931 434
287 129
975 52
305 98
676 119
895 333
842 347
954 369
713 206
452 102
970 743
440 614
63 908
284 943
374 839
505 916
120 214
381 57
515 465
2 676
314 242
91 368
945 828
231 603
254 904
293 792
185 135
93 534
129 83
360 507
967 712
641 180
879 12
20 55
404 342
81 71
690 859
290 333
475 157
597 172
640 507
779 57
881 361
886 730
208 989
299 310
929 979
822 507
329 831
184 386
381 863
598 240
145 51
763 107
947 864
804 959
472 128
715 204
793 531
948 487
363 310
435 165
458 206
687 979
430 360
450 634
507 631
899 163
745 931
818 817
265 951
984 57
508 975
847 654
762 114
1000 803
469 544
828 105
496 706
389 381
376 408
603 811
585 868
417 746
441 24
610 401
370 650
31 211
303 542
162 670
71 32
93 950
131 649
44 350
651 462
19 599
622 511
619 466
125 261
344 724
145 997
148 332
496 831
560 900
633 338
637 682
903 663
608 345
110 538
901 923
524 182
447 321
68 10
716 910
550 870
956 937
849 363
98 801
797 715
608 254
419 625
719 730
590 173
994 778
223 588
243 258
555 327
4 711
995 396
393 72
849 961
860 546
440 45
204 62
665 564
560 302
798 888
394 610
159 806
436 217
662 895
656 932
173 986
191 401
507 408
492 144
256 766
791 582
332 297
885 110
515 512
596 605
231 394
110 807
313 733
725 32
995 447
247 956
344 197
973 786
248 417
49 656
594 535
956 75
726 549
641 997
516 291
314 647
117 218
465 625
581 323
609 978
982 770
624 234
185 658
184 827
573 319
991 592
249 850
867 572
757 435
525 269
908 411
399 544
755 654
295 467
921 32
794 478
79 328
245 624
310 52
99 803
797 574
784 439
128 139
440 653
537 225
208 345
480 670
409 662
656 753
106 328
876 852
290 403
272 746
702 628
557 303
9 489
323 201
930 417
287 546
762 400
110 131
349 466
702 455
133 840
356 7
393 27
731 117
273 573
91 210
185 409
461 508
85 432
91 835
223 326
652 974
869 336
612 54
782 232
986 847
402 140
720 868
394 888
198 290
544 28
969 513
566 877
805 491
143 724
257 653
795 141
120 537
501 100
709 591
467 300
764 483
801 540
895 788
239 784
444 410
169 474
813 545
766 515
566 911
697 972
39 773
182 136
933 361
735 669
645 677
723 829
192 307
46 82
28 681
645 822
121 380
819 767
987 609
989 179
646 636
427 694
390 318
968 402
681 627
542 588
489 2
72 54
145 830
723 377
789 110
6 136
871 851
764 970
306 986
271 796
664 248
186 260
420 786
856 864
985 572
234 520
593 199
601 716
752 864
773 348
777 153
337 658
688 886
241 126
298 15
924 847
618 948
578 543
360 860
472 822
380 391
592 39
866 474
759 389
194 479
412 394
415 997
833 505
660 672
94 316
386 749
11 164
229 759
402 259
169 20
992 650
477 846
653 843
620 386
88 19
531 403
606 181
934 892
421 263
867 299
286 671
748 94
896 895
736 638
74 125
240 845
574 422
575 971
690 163
999 175
162 520
360 396
255 143
559 157
325 477
128 567
776 727
485 739
469 990
275 953
920 386
496 788
580 468
618 163
232 634
837 451
236 974
956 439
938 629
319 273
582 409
608 100
720 622
293 899
423 311
426 489
10 232
765 146
395 233
148 126
150 708
929 263
531 567
894 377
567 269
560 37
858 278
259 937
702 415
744 145
872 486
102 559
34 839
952 318
136 714
94 623
112 262
337 766
753 310
626 60
844 203
369 45
942 840
168 586
677 549
698 328
256 531
369 190
303 751
321 51
764 257
213 5
387 184
868 295
206 437
891 910
284 208
101 718
351 692
189 109
857 899
584 837
677 232
58 792
661 975
367 898
53 73
907 716
523 930
653 879
766 968
33 833
990 240
520 188
60 109
390 545
891 605
349 9
261 935
379 970
939 976
814 28
746 830
874 267
732 930
144 510
707 681
49 55
698 940
242 544
93 120
466 152
859 659
896 391
309 766
516 652
556 337
850 50
655 687
556 224
629 950
261 396
742 255
476 93
189 890
941 683
48 422
570 55
238 409
938 435
100 410
714 430
780 766
623 46
399 48
94 696
860 972
946 647
742 936
416 184
747 186
424 595
820 156
657 635
655 144
198 549
596 888
133 134
9 904
281 947
838 981
199 133
330 756
57 916
895 541
640 751
971 69
844 461
442 893
14 862
443 556
818 256
88 941
910 224
625 868
126 315
496 434
743 820
478 369
637 647
549 66
899 47
496 656
723 947
406 109
741 459
157 937
800 440
359 7
73 234
992 912
365 882
224 266
576 223
727 888
728 906
399 781
456 333
314 887
318 855
101 557
984 129
193 690
893 705
527 733
853 154
885 365
887 819
871 142
766 416
568 785
438 79
186 156
650 559
408 142
599 512
97 575
842 483
721 754
150 418
978 227
357 160
263 129
871 876
860 195
720 566
44 116
175 787
872 753
889 565
673 992
67 401
381 337
509 796
517 575
845 226
348 414
320 979
16 736
492 561
663 838
977 187
856 820
142 703
991 75
882 248
388 795
962 160
231 427
315 660
882 75
864 706
960 897
99 335
70 879
117 639
522 795
687 711
322 293
199 905
342 800
90 313
532 464
570 527
238 363
407 380
691 305
32 114
851 951
784 524
18 972
311 625
39 550
260 785
305 696
892 596
472 407
880 52
404 708
424 82
800 341
710 168
32 975
118 879
205 816
386 74
709 352
652 554
268 106
913 63
608 541
841 818
701 796
704 96
248 156
358 225
430 242
359 184
73 560
914 583
845 753
774 695
372 5
934 855
731 157
231 962
591 466
612 851
847 20
225 301
318 962
541 917
143 941
989 291
41 723
669 356
941 64
790 440
854 867
914 203
710 647
215 319
949 169
951 235
78 109
867 936
909 691
785 877
492 887
988 876
536 277
941 354
362 563
788 427
578 515
6 24
42 324
495 354
555 261
309 234
38 792
792 204
939 111
392 250
781 832
236 382
387 289
289 342
286 748
298 12
463 714
780 477
714 692
532 500
365 357
407 128
155 630
365 889
531 180
691 424
420 797
97 251
888 861
706 466
614 512
2 429
982 514
478 190
389 115
28 377
526 488
797 406
435 361
681 1
675 741
932 232
780 339
191 876
838 473
573 132
357 745
35 365
533 758
643 106
900 603
874 276
413 696
854 498
845 724
37 424
455 841
6 291
227 822
581 171
106 205
749 869
163 30
576 293
371 163
483 829
770 413
129 3
112 709
520 684
813 89
625 953
96 329
519 395
498 373
25 835
724 571
285 305
841 737
915 614
293 774
607 910
885 744
945 643
967 714
593 145
99 600
264 739
636 273
68 837
614 329
869 437
262 813
998 539
176 430
837 919
843 550
122 637
881 504
627 748
169 964
649 498
924 172
863 329
976 355
904 128
801 264
878 270
551 348
311 667
921 835
78 854
407 804
951 939
40 853
312 666
297 74
886 132
647 862
456 997
607 106
888 2
791 883
784 232
409 911
767 272
738 118
114 828
136 678
430 72
896 860
788 858
880 203
23 203
863 868
205 22
257 104
853 648
250 447
749 551
932 25
408 405
779 646
840 440
144 511
93 948
851 24
724 778
762 453
784 175
417 458
148 334
915 696
301 799
746 977
822 282
36 411
992 49
901 921
262 220
233 51
72 79
826 915
884 246
902 509
741 299
651 63
94 927
954 996
408 54
507 282
270 490
128 463
826 154
538 534
522 179
760 666
246 997
928 614
926 145
897 19
310 618
683 396
854 343
109 484
679 88
592 962
935 50
61 641
760 632
389 154
998 662
33 160
164 670
440 158
169 800
85 252
982 122
697 506
416 656
181 362
69 680
108 322
603 311
632 912
361 160
818 753
601 199
70 770
416 869
58 842
593 603
977 708
818 832
485 997
566 822
113 446
421 333
834 502
227 517
362 471
783 563
532 881
95 395
45 738
672 372
759 904
692 639
348 821
870 918
767 328
483 405
533 558
92 306
330 363
205 621
45 900
118 730
123 816
89 960
704 291
82 139
49 82
488 590
343 336
625 871
901 876
854 836
419 879
231 703
381 14
698 816
207 257
499 255
871 879
358 262
294 431
200 160
916 222
155 868
889 564
506 912
582 625
125 250
825 796
882 279
475 919
37 932
258 947
455 600
393 904
447 69
30 439
361 591
346 104
256 144
4 534
307 343
264 699
467 916
85 461
328 546
294 331
99 737
268 882
407 789
271 73
365 94
517 865
475 546
716 906
389 254
651 743
184 208
517 242
479 123
992 929
312 884
900 157
795 865
778 625
116 604
406 701
388 344
514 698
677 222
71 195
368 138
296 183
726 869
400 149
95 350
799 604
18 751
476 343
404 692
54 736
944 929
196 694
359 42
788 786
127 990
500 204
407 656
49 226
552 53
805 813
505 18
560 608
932 59
68 287
89 988
520 546
206 133
872 929
852 383
747 355
280 642
177 274
238 496
924 877
175 1000
137 101
538 684
868 747
379 430
447 387
203 636
332 856
793 282
411 619
12 650
932 971
726 507
854 300
693 226
345 268
278 875
76 788
402 625
43 949
673 94
950 610
132 229
1000 453
346 785
924 248
66 144
378 174
910 447
587 286
750 190
165 204
147 849
810 243
441 620
260 208
52 850
455 375
627 990
596 407
286 995
412 682
933 88
607 113
40 777
784 460
904 850
796 192
448 126
231 349
602 659
917 948
333 975
629 378
95 434
297 271
886 91
230 671
970 46
292 54
973 937
101 642
373 173
726 611
486 964
914 537
295 806
850 411
813 293
373 350
763 746
267 321
639 23
179 525
236 554
310 289
25 439
561 293
837 48
205 646
25 32
963 486
376 204
73 364
440 617
202 584
738 518
171 651
339 433
708 727
649 217
862 959
428 137
966 905
751 365
439 523
388 559
127 441
443 563
806 717
368 985
591 389
3 932
480 567
710 712
907 330
483 329
265 30
609 991
450 949
882 130
298 225
318 228
826 102
593 348
317 436
264 32
339 612
359 601
933 794
91 683
194 954
518 526
565 335
401 10
628 836
576 983
631 883
613 345
801 730
149 574
991 347
784 883
322 814
309 824
456 708
990 129
690 978
311 207
3 294
999 34
201 225
662 86
311 124
50 234
456 49
241 781
931 32
9 639
220 425
531 443
188 719
33 650
175 819
715 806
80 650
976 998
633 433
816 127
985 856
537 187
162 176
451 705
935 463
702 558
258 863
315 914
33 69
531 706
215 949
881 697
792 150
454 828
358 935
108 526
954 694
711 458
172 986
843 850
990 519
60 600
381 401
30 532
35 906
255 559
243 835
636 250
312 712
298 487
620 294
161 549
311 623
424 401
26 493
635 419
763 342
783 397
858 783
787 966
454 713
779 886
182 619
643 135
628 975
302 48
704 526
359 1
805 167
878 871
993 463
825 78
13 276
36 75
862 315
126 514
816 479
390 710
83 48
391 155
304 259
582 170
602 796
966 277
789 260
936 840
900 931
558 67
771 273
904 347
197 873
182 215
394 600
882 66
814 792
728 601
675 114
659 857
702 793
828 588
98 849
301 844
822 406
537 230
371 952
100 346
487 256
597 579
533 82
208 235
673 855
720 342
816 889
447 213
621 522
553 890
519 685
646 253
775 411
337 683
764 415
802 279
954 586
423 829
246 736
87 496
768 282
941 881
735 292
265 304
428 804
570 576
166 112
169 172
479 395
672 213
873 692
530 143
472 123
700 547
459 855
226 950
9 644
196 770
117 547
269 202
861 528
18 970
737 546
442 654
260 787
602 700
822 869
624 988
861 897
700 257
403 382
313 879
903 668
47 776
155 156
514 477
667 249
468 316
678 475
130 69
439 461
496 525
923 256
853 591
642 424
2 11
64 517
162 709
508 503
422 228
357 806
361 419
141 549
93 876
775 938
963 410
93 683
818 395
214 512
470 638
785 722
254 769
20 825
361 221
931 329
716 977
303 99
702 644
538 685
759 941
444 984
484 157
836 74
86 697
72 279
350 738
816 918
449 723
731 37
896 30
494 61
349 838
797 466
449 332
490 515
52 287
270 338
487 631
612 503
578 291
155 542
545 426
506 262
159 874
329 775
717 172
744 86
13 549
948 64
34 512
329 656
492 324
556 637
833 256
577 441
622 906
186 822
541 352
100 912
601 141
907 890
514 748
550 246
298 669
995 901
924 415
321 886
86 438
70 843
218 758
331 317
39 964
174 853
636 512
186 436
481 505
176 585
321 656
250 310
740 656
35 414
642 362
273 277
221 503
945 283
925 746
13 459
269 801
532 921
19 838
828 48
106 184
966 450
272 218
560 525
64 348
211 415
676 115
642 63
55 22
96 109
793 953
628 507
297 859
559 535
176 100
215 221
491 669
663 565
870 411
357 60
727 169
492 853
882 461
976 906
299 255
357 397
113 665
167 956
8 539
119 391
191 10
543 289
