976
105 140
888 273
833 837
396 195
727 416
173 554
181 3
119 52
336 927
73 12
102 111
719 446
56 450
250 706
42 5
52 217
369 246
451 362
459 463
857 884
195 520
944 905
55 45
249 527
42 63
94 91
569 147
203 231
639 833
297 208
424 479
585 73
23 27
470 210
796 109
271 112
882 91
303 57
717 708
827 876
51 357
302 879
68 701
19 144
206 13
35 430
65 20
660 650
614 177
279 275
623 49
819 844
133 358
74 155
115 200
485 967
739 360
294 236
25 214
242 155
113 158
246 515
937 262
188 314
11 385
284 257
35 287
786 204
38 37
59 14
136 17
686 327
934 311
523 216
707 347
32 907
68 44
723 243
373 498
198 257
179 51
339 348
466 570
113 115
456 215
762 821
963 73
570 629
8 3
753 401
368 250
97 28
117 597
232 789
11 25
47 28
575 442
8 36
173 75
436 63
310 870
533 87
223 340
916 126
605 222
77 353
15 6
186 432
16 40
237 372
526 44
511 337
116 113
954 862
683 802
699 824
35 178
351 260
549 332
606 12
797 582
365 189
383 331
587 715
156 334
296 475
453 171
81 489
318 324
176 259
386 803
556 357
912 405
32 39
254 229
567 903
167 421
649 813
847 680
12 906
450 500
323 75
521 371
147 238
340 408
749 34
207 15
411 385
82 128
375 190
231 920
235 283
913 703
736 29
12 639
467 88
103 91
531 444
4 90
691 70
27 98
35 31
625 936
413 330
249 164
109 785
183 189
138 72
765 630
445 12
939 965
941 627
301 229
619 353
56 34
385 670
60 265
386 144
133 860
46 51
541 387
285 657
647 181
191 161
95 330
471 98
63 86
956 837
459 477
539 512
17 159
600 287
464 430
347 711
478 827
75 935
213 142
177 573
469 15
392 819
743 319
16 48
731 452
382 92
142 79
857 178
257 459
854 484
146 807
722 541
15 289
31 397
87 107
122 87
897 512
426 43
23 24
784 661
134 685
145 197
834 176
66 121
900 309
81 960
141 128
173 588
199 800
546 766
238 252
198 953
636 197
15 99
497 297
293 22
553 703
4 23
137 149
528 322
143 332
523 729
603 634
14 367
672 311
77 161
205 380
494 525
9 481
2 4
159 270
368 744
2 3
121 393
96 325
373 115
234 225
630 878
559 380
234 763
321 261
170 113
959 552
51 648
194 119
457 925
41 57
30 282
494 255
105 106
235 266
152 689
878 943
694 720
132 53
16 192
303 976
224 214
189 410
244 710
176 356
64 82
841 114
940 557
669 393
20 75
539 955
331 905
359 349
113 176
545 274
939 510
267 328
544 815
702 319
117 812
398 68
60 154
280 4
612 164
5 604
77 73
781 811
514 360
799 892
268 144
506 407
64 71
61 22
44 8
270 875
9 19
845 566
42 553
598 262
546 709
546 9
69 401
122 199
233 417
369 658
201 288
641 17
313 565
225 43
153 142
328 932
516 167
14 346
30 33
7 18
503 141
577 68
40 253
221 329
652 409
630 249
212 435
700 131
138 423
478 274
145 142
135 104
690 610
162 666
384 653
817 241
140 202
303 487
942 864
9 3
434 261
412 288
267 35
45 228
591 81
70 88
158 167
78 627
348 392
262 189
861 58
307 286
692 31
9 64
928 307
538 385
734 481
175 45
207 243
951 264
644 589
228 637
715 851
331 221
139 136
258 154
721 756
180 110
444 473
230 8
237 153
407 403
137 308
350 826
517 312
972 717
312 21
891 114
382 682
507 318
510 260
493 347
576 79
333 234
313 197
572 440
544 44
626 154
350 809
696 49
41 427
43 638
249 820
64 661
4 5
158 193
46 198
151 13
288 552
211 137
852 27
269 75
424 505
625 294
769 21
129 9
22 931
166 310
248 773
631 36
781 196
491 608
622 614
957 490
424 390
113 751
391 491
13 274
804 777
376 8
372 679
267 509
564 278
3 162
145 309
164 144
244 29
484 160
748 777
367 504
25 223
752 326
420 3
694 436
4 126
506 825
758 553
147 275
630 737
6 80
823 460
50 5
494 958
337 349
594 895
272 579
209 302
95 404
578 548
483 119
35 513
745 409
238 439
443 423
665 295
152 212
80 651
362 101
774 806
121 352
54 131
599 580
540 596
239 156
557 276
13 14
555 72
803 828
441 338
713 624
218 18
921 681
479 910
250 848
558 327
355 218
145 633
139 233
412 790
105 783
501 61
100 77
431 681
908 141
264 601
125 169
232 87
229 663
87 56
836 799
597 969
251 142
204 21
77 593
594 938
7 93
20 89
105 4
87 272
583 124
372 855
50 52
468 307
20 67
263 259
78 46
966 350
554 590
894 233
761 21
391 315
446 673
796 822
595 519
622 835
757 582
629 814
52 91
276 209
808 584
146 446
964 95
422 384
643 614
172 222
762 437
174 19
175 586
380 859
49 6
448 96
688 697
830 850
973 661
135 177
218 315
512 872
186 347
113 84
112 543
336 366
118 130
911 278
534 531
240 292
729 787
3 7
666 680
152 21
44 705
431 230
949 336
351 716
667 431
62 4
323 338
44 229
482 66
71 186
615 517
179 388
578 675
147 196
438 398
469 580
16 3
757 818
72 298
101 85
355 442
46 35
141 399
68 550
91 390
208 162
248 146
363 628
66 60
881 714
425 899
770 148
123 104
448 581
3 92
16 286
646 192
457 421
110 395
266 425
560 131
298 519
221 290
767 552
329 772
120 384
65 402
10 9
399 535
8 165
902 787
621 190
275 291
209 200
492 312
750 707
608 838
462 201
688 397
864 714
171 455
83 418
711 771
568 242
264 246
244 607
695 245
148 6
341 30
712 518
683 34
409 317
345 335
547 389
510 602
277 203
24 102
466 537
339 273
210 159
970 745
50 364
786 909
426 759
201 41
74 143
99 146
17 306
592 6
60 871
429 179
681 839
863 281
65 378
843 962
319 363
274 305
444 80
499 157
923 946
618 157
830 251
103 655
534 952
183 176
732 385
371 164
121 316
379 98
18 29
415 96
219 32
714 726
490 566
206 319
270 416
341 733
67 241
121 235
624 529
338 458
327 211
645 918
730 666
216 88
1 11
300 44
206 649
856 34
20 31
724 537
134 883
349 480
574 215
385 428
53 23
924 553
898 347
156 106
873 764
454 23
12 9
307 474
947 220
30 13
84 698
193 721
677 492
125 19
641 671
414 355
207 778
452 42
775 528
846 319
157 128
74 57
72 118
563 206
263 542
148 466
915 491
896 798
587 147
95 281
768 70
235 656
92 109
760 308
225 246
740 627
754 201
79 120
95 536
54 381
64 611
35 104
302 674
75 245
567 853
378 776
533 567
82 83
885 567
61 160
610 557
877 53
29 32
459 748
476 444
517 926
108 105
16 20
868 62
403 31
780 795
117 518
26 81
893 732
923 383
227 82
217 220
869 85
880 591
168 140
746 89
150 23
60 52
542 704
584 35
456 490
189 255
914 51
23 370
140 304
247 141
6 1
56 350
27 76
21 184
874 154
203 157
45 318
974 206
260 119
187 13
537 865
354 271
649 975
12 17
343 115
107 195
419 208
96 124
48 96
650 359
2 1
147 102
276 866
520 676
21 14
904 454
143 890
472 410
137 77
197 240
188 61
487 645
153 171
361 197
72 1
465 204
433 440
752 968
285 22
616 443
51 617
449 445
40 311
887 450
495 228
654 189
658 843
485 613
44 84
242 377
51 320
948 961
867 302
101 406
35 110
50 336
548 440
215 69
41 32
259 810
20 322
498 764
562 117
326 206
460 261
352 589
5 190
307 755
32 950
29 250
917 462
485 374
109 299
933 819
292 708
831 687
640 192
10 13
50 54
13 532
267 273
246 278
296 77
268 738
799 310
659 413
849 290
117 461
133 742
901 429
374 798
309 635
12 256
702 741
28 26
360 191
73 205
344 110
886 442
185 24
704 922
668 276
394 245
718 407
335 287
945 781
117 111
642 555
334 816
43 36
69 59
398 735
780 222
423 971
393 858
111 524
530 251
82 829
3 678
433 330
77 166
306 728
266 725
40 226
262 664
747 396
96 112
948 337
335 571
387 11
27 85
17 508
42 133
33 389
156 488
530 687
236 171
794 51
603 134
381 609
522 123
498 699
447 335
134 68
357 540
433 529
26 8
582 237
930 95
792 751
632 840
200 437
231 295
