1000 9899
218 817
474 26
493 206
332 204
171 86
265 29
436 82
826 486
919 647
952 338
906 286
180 95
937 444
383 484
834 44
865 365
817 826
21 330
97 696
204 244
521 14
381 972
704 839
331 61
375 274
624 774
435 169
113 263
955 636
761 499
227 267
691 408
329 383
188 422
406 469
839 235
140 257
583 239
508 971
913 7
142 467
771 481
990 247
50 18
947 288
822 988
110 994
737 820
645 617
794 181
870 1000
103 27
107 476
74 239
866 881
279 428
233 390
909 821
776 758
597 514
732 239
805 629
46 363
163 141
680 481
721 651
738 555
578 820
560 791
906 879
393 688
214 584
803 509
384 93
548 815
868 733
499 146
147 494
557 199
885 714
64 868
546 184
882 320
976 470
544 985
484 36
116 455
536 109
475 683
173 563
425 402
78 500
621 694
821 20
755 272
333 666
777 770
816 700
29 334
659 214
702 152
337 457
725 345
269 451
289 397
623 382
281 959
403 645
304 922
213 38
754 330
79 589
406 663
862 652
925 649
30 823
325 973
586 780
254 877
58 840
536 600
34 80
999 957
550 393
226 431
982 548
343 814
403 833
762 146
1000 771
748 417
474 858
715 296
874 475
12 126
418 677
590 567
28 103
993 63
172 372
979 124
466 89
20 704
408 354
318 805
559 745
328 25
625 869
917 431
828 734
146 768
499 80
121 614
362 824
936 615
497 535
3 688
297 915
163 822
256 116
775 103
337 127
689 482
655 573
694 93
536 427
240 26
171 496
615 501
841 520
864 999
725 938
728 218
488 411
17 923
878 136
309 147
122 576
359 813
693 61
159 881
368 704
185 270
276 947
743 907
322 177
469 78
668 380
652 857
85 158
655 102
895 957
587 372
968 754
754 287
77 522
355 184
123 436
86 612
293 875
843 995
558 710
959 525
818 659
180 745
199 904
676 726
421 414
424 398
339 893
785 107
89 358
736 743
74 498
863 852
848 533
615 657
687 4
305 782
221 402
459 517
226 264
525 250
250 386
767 443
624 187
395 545
491 884
883 662
936 502
646 120
746 738
787 965
268 244
876 353
746 885
556 550
591 111
433 265
232 514
851 623
909 974
894 20
127 655
827 77
741 655
723 396
968 485
162 420
883 210
116 803
832 532
101 177
600 752
929 398
427 11
106 281
343 84
237 561
254 913
241 566
441 212
797 655
512 257
967 739
750 657
643 241
181 154
55 753
313 18
262 949
674 45
124 468
197 640
551 881
544 513
962 272
882 27
313 236
388 250
63 440
878 23
989 902
498 867
924 843
617 495
891 152
15 170
147 994
264 6
1000 368
626 703
649 181
669 810
908 678
835 606
179 34
807 668
114 565
701 782
37 17
921 646
424 106
875 315
178 169
197 347
416 542
53 807
684 867
153 989
253 596
128 749
845 916
294 610
10 705
88 309
71 596
988 533
285 143
192 275
690 46
140 979
382 10
497 22
499 490
819 735
876 468
737 122
42 848
337 276
528 187
802 950
505 558
880 622
721 686
968 1
660 447
341 237
572 52
344 458
48 47
264 918
585 280
630 712
8 909
371 883
424 861
766 349
959 419
873 166
530 641
387 527
623 22
436 940
309 90
874 188
836 333
968 989
218 228
769 668
661 422
741 200
617 314
229 932
982 226
33 153
215 753
882 910
539 659
367 554
118 484
670 351
682 137
848 145
939 362
49 828
321 55
218 425
327 249
647 970
874 800
729 35
431 47
640 572
937 238
386 892
649 802
890 214
636 950
654 350
468 32
877 87
681 209
934 781
64 253
544 183
247 580
880 127
348 701
258 213
294 575
633 793
324 221
212 156
382 836
18 565
663 39
695 47
766 686
150 463
549 140
533 535
457 252
799 308
103 107
804 94
239 411
365 940
629 239
478 725
606 721
367 327
370 617
760 225
979 833
263 8
521 803
366 901
867 916
928 812
488 813
149 210
529 553
392 633
837 709
399 286
185 166
39 599
208 257
779 212
637 120
589 505
15 302
826 153
848 305
478 987
557 343
25 638
155 955
125 84
636 304
307 64
649 305
428 540
86 960
241 169
209 395
582 980
808 765
825 193
661 555
898 911
574 964
557 160
281 951
48 998
910 458
812 984
537 236
621 104
646 830
957 166
632 915
527 244
454 47
839 70
52 788
880 445
588 966
700 648
41 29
801 523
144 786
843 144
22 855
300 653
514 503
57 364
663 218
83 468
836 766
654 267
123 983
228 740
206 402
577 270
357 289
547 498
892 897
882 266
395 222
88 412
987 536
159 400
698 989
587 195
576 497
50 1000
513 448
992 97
279 138
384 902
671 115
304 99
858 662
470 592
436 544
698 831
445 382
93 695
722 73
432 843
816 142
814 649
196 160
270 683
327 974
413 42
724 424
923 787
141 882
346 196
402 690
534 651
847 664
646 977
774 154
391 750
431 589
17 777
6 486
665 761
632 388
232 114
713 519
642 731
940 468
907 741
693 60
507 25
368 560
578 332
372 933
711 424
347 609
76 97
186 929
639 730
621 443
70 579
734 746
971 148
420 918
977 635
905 230
635 99
835 613
618 895
660 632
972 314
832 493
407 233
943 395
357 376
749 424
326 507
53 593
19 481
536 693
144 894
165 825
394 97
478 337
364 580
875 239
433 336
343 973
444 176
914 560
684 926
497 109
135 982
488 510
112 511
165 587
594 943
357 979
517 348
516 546
352 403
564 333
528 80
453 465
663 674
582 297
206 59
718 579
871 831
676 831
959 648
589 458
770 292
21 110
958 338
867 940
689 444
305 427
562 732
133 757
253 326
203 625
185 222
948 819
591 418
7 339
122 643
551 880
916 467
475 869
612 354
760 725
543 732
530 557
826 448
699 562
313 243
673 83
450 940
180 69
87 406
878 391
993 177
756 807
133 218
852 550
544 351
479 447
284 90
692 79
568 85
968 751
687 852
264 150
856 336
341 392
276 366
353 490
852 772
891 854
395 717
527 812
485 937
142 330
322 313
423 931
114 901
596 257
961 132
495 677
922 793
154 399
961 821
871 270
339 905
527 962
767 457
201 1000
900 688
279 277
746 692
141 580
143 890
754 855
410 215
651 121
396 422
440 782
58 325
809 395
558 14
228 661
253 806
474 565
606 762
510 175
846 261
153 24
858 735
146 819
145 908
965 298
589 494
910 768
379 610
681 780
445 711
337 70
817 380
929 282
269 138
544 500
751 223
384 913
314 478
315 907
212 805
301 692
422 328
959 51
599 8
357 365
251 998
532 199
845 392
612 405
795 671
354 485
379 26
255 935
471 618
863 292
125 739
401 237
554 445
612 203
890 501
565 219
924 685
874 801
273 68
165 126
539 289
387 204
740 742
8 183
762 922
674 724
783 426
291 552
255 507
899 169
558 622
924 364
653 874
31 554
676 477
344 158
363 74
544 152
442 689
611 224
524 665
193 399
503 878
255 217
849 784
461 586
499 683
979 245
912 202
116 416
634 293
748 349
623 744
608 840
275 875
408 264
262 423
837 17
683 309
325 333
823 194
245 614
945 112
504 288
430 520
399 635
702 864
3 598
703 521
552 701
807 479
898 473
849 365
133 700
850 958
941 277
428 360
340 876
341 985
618 309
431 936
569 271
400 368
950 271
582 954
860 568
863 651
748 569
720 26
707 292
411 995
906 527
848 894
136 10
263 915
820 508
14 47
882 661
296 304
965 618
32 218
588 967
644 49
633 730
778 955
856 439
710 310
714 829
715 460
368 241
631 848
446 916
106 589
969 329
491 253
364 261
577 412
580 853
601 278
729 329
623 941
295 794
305 962
303 587
641 616
70 194
403 398
845 712
992 772
573 313
874 360
970 839
611 587
358 472
162 303
272 435
70 289
591 58
171 583
500 825
417 347
82 246
405 234
23 687
447 355
341 748
452 203
682 744
720 555
276 121
543 453
124 323
950 457
937 830
516 899
24 65
744 304
138 201
855 68
362 619
402 706
83 641
477 856
926 241
470 29
346 999
972 887
441 777
69 357
778 392
651 650
363 680
755 494
398 93
217 995
717 790
773 4
170 491
228 675
248 775
778 746
337 586
433 651
615 645
113 227
166 119
646 429
212 273
786 32
715 138
843 81
130 540
699 455
994 479
924 438
374 101
910 193
58 288
572 480
130 655
756 774
439 296
130 925
790 837
689 533
501 31
503 673
70 12
709 363
999 264
400 951
662 819
754 816
649 676
637 921
818 213
858 934
864 379
149 853
371 349
228 754
136 832
230 416
158 669
361 279
96 68
337 302
852 379
525 299
693 697
555 680
611 756
850 100
686 262
729 865
289 700
132 798
172 76
565 608
34 232
328 789
59 776
524 459
394 224
180 689
932 608
123 368
171 478
263 390
893 149
507 454
822 147
570 232
256 368
20 137
149 491
946 939
375 199
17 901
345 272
271 56
972 923
555 133
506 149
248 762
640 389
695 673
407 441
726 217
244 548
730 20
74 592
290 629
717 826
267 794
96 972
61 822
511 900
672 133
673 444
786 245
643 516
342 944
933 243
40 894
937 240
810 142
830 837
958 286
320 158
984 181
682 349
765 880
345 561
383 157
934 231
26 288
960 712
134 991
88 25
179 194
307 313
880 85
718 789
511 57
615 695
192 119
525 139
253 594
895 135
218 791
23 162
783 740
454 346
737 926
790 128
5 868
227 940
92 502
187 675
993 101
667 996
810 424
227 829
111 699
187 155
387 589
483 800
232 608
694 334
242 649
902 379
358 371
91 340
223 691
700 795
319 364
894 272
146 978
555 434
441 246
993 545
99 974
870 361
690 963
234 455
259 798
431 516
237 821
775 335
416 146
369 86
170 129
902 854
10 371
797 36
601 931
986 239
658 846
940 783
78 697
616 96
765 577
843 83
881 76
596 217
792 459
795 956
902 624
407 306
504 681
602 430
199 44
302 463
971 44
810 354
23 371
28 299
170 596
814 469
767 287
986 722
351 548
64 110
121 115
605 449
894 589
633 904
779 556
743 375
306 374
383 356
761 15
256 475
600 366
287 98
606 836
865 94
3 443
248 72
723 253
763 1000
927 35
470 586
966 719
47 981
137 559
230 415
251 601
837 306
141 763
419 489
77 253
10 182
155 591
231 628
215 83
716 532
410 275
43 322
650 486
255 598
10 25
447 44
33 488
145 579
803 732
695 346
38 635
185 750
3 900
997 158
779 745
512 122
364 525
551 827
328 523
369 481
151 681
579 50
284 334
741 993
699 637
497 5
722 566
81 326
713 106
530 389
972 50
649 17
482 290
47 846
415 810
252 664
947 712
757 693
505 605
543 858
631 517
970 430
540 972
613 514
359 718
251 449
397 493
500 416
246 68
776 266
986 519
930 547
223 706
803 819
334 555
528 682
268 493
822 780
404 669
706 569
827 63
97 246
26 58
724 85
482 584
177 190
271 340
633 380
258 473
921 271
888 342
535 397
529 818
441 275
435 755
222 553
889 876
687 417
177 408
452 22
325 288
73 351
129 477
97 321
101 265
449 824
661 775
712 866
819 902
16 937
836 134
805 743
775 979
137 587
983 812
401 846
807 450
440 660
276 122
613 319
135 449
90 860
860 328
142 163
864 779
319 317
573 877
261 379
776 20
162 208
129 921
265 201
821 452
744 680
769 681
683 495
96 707
830 274
833 542
692 343
195 281
582 935
530 905
843 741
256 435
747 405
27 97
708 985
88 706
506 337
472 801
754 139
557 748
327 957
850 461
941 845
411 974
195 567
125 682
471 898
424 339
229 732
307 62
644 135
425 79
942 612
658 103
535 751
631 902
580 916
141 12
646 788
318 858
605 408
19 705
573 122
701 933
222 42
226 263
232 984
783 480
698 669
218 931
841 681
478 625
481 179
391 362
68 501
732 908
207 343
727 913
461 738
779 709
230 417
440 995
594 828
405 43
244 69
561 397
619 403
656 423
898 380
628 483
900 786
443 345
390 448
564 907
249 538
456 220
185 770
724 557
231 559
659 742
346 311
627 218
20 948
703 721
931 474
380 56
829 795
223 636
280 200
85 635
341 993
12 647
384 806
704 895
644 841
983 959
489 583
20 377
464 387
30 694
142 780
753 259
151 615
916 307
367 531
51 466
705 849
83 997
49 789
147 852
294 933
186 818
134 690
224 372
35 370
780 470
494 748
558 737
248 514
869 928
47 100
936 313
68 746
373 918
531 408
697 896
117 401
981 312
766 550
913 936
861 786
148 739
421 657
338 305
176 732
896 741
813 288
53 133
33 790
675 323
197 11
571 274
844 144
537 358
885 190
278 836
230 77
989 857
710 827
131 546
477 207
413 980
71 772
440 622
955 145
333 221
940 971
478 798
542 915
858 588
841 794
280 6
816 72
820 504
157 320
162 54
200 253
399 263
129 807
721 845
904 497
409 599
157 241
711 814
644 564
676 563
682 560
20 63
702 567
152 495
837 512
108 912
219 297
590 200
85 384
506 695
879 234
94 598
848 118
744 39
307 811
816 438
30 573
276 741
960 638
647 950
84 430
618 802
809 783
113 170
220 41
813 815
425 118
616 287
688 700
691 367
929 678
861 547
181 593
865 544
338 608
429 951
196 838
549 966
326 449
239 992
477 939
279 85
874 705
819 64
364 291
183 761
671 580
957 995
405 116
491 160
412 493
414 409
676 189
202 292
794 32
351 709
935 915
598 718
215 361
418 780
112 569
131 753
776 762
64 700
508 395
14 862
182 204
98 983
797 929
634 517
798 394
528 154
289 650
453 407
290 20
681 989
98 825
195 113
841 647
788 506
898 582
242 908
560 105
669 393
228 207
390 170
547 885
767 662
778 3
63 31
673 831
780 757
484 635
315 654
200 503
935 91
955 633
691 911
638 528
696 887
159 665
114 436
665 572
544 699
781 642
691 685
992 437
804 884
640 765
380 454
918 481
592 230
403 649
739 118
249 389
670 457
821 931
791 719
683 846
609 358
106 681
503 441
550 50
402 322
446 523
503 558
182 765
592 403
866 110
799 614
265 987
14 766
202 102
793 569
723 952
762 158
236 329
850 869
582 595
741 804
44 532
979 147
581 331
617 118
714 108
219 518
26 417
813 360
742 342
305 81
222 558
978 440
524 108
486 227
92 46
720 783
272 452
867 949
710 557
664 885
257 289
595 799
500 729
428 334
926 469
161 205
76 472
681 842
148 821
722 358
650 411
934 956
931 732
379 265
967 648
384 859
223 424
578 681
816 894
545 272
836 369
342 494
659 280
493 146
243 407
896 858
397 588
664 305
498 891
541 117
797 235
446 491
456 705
678 822
806 379
421 215
612 62
78 758
789 887
644 241
296 415
593 671
669 834
308 750
593 552
540 977
446 596
696 335
516 90
893 80
502 223
531 383
456 547
240 970
974 677
650 200
938 647
667 79
563 14
212 96
947 239
841 336
17 150
74 65
718 686
296 987
889 444
303 760
733 371
236 685
398 663
819 381
280 623
444 290
67 937
49 406
529 140
947 397
572 38
184 991
762 404
12 237
758 793
25 651
871 171
598 865
641 276
272 401
519 516
901 842
387 992
817 679
780 889
299 625
909 603
346 389
292 547
944 114
599 658
160 705
365 982
766 161
627 221
849 171
958 535
791 286
926 49
319 58
414 229
896 100
935 317
280 201
742 777
1000 184
219 460
722 477
797 429
102 571
659 308
608 412
578 316
433 971
234 786
379 324
518 408
646 365
26 874
317 313
134 401
809 641
518 299
575 430
726 78
51 322
821 874
624 428
636 831
284 196
364 380
360 906
5 686
833 37
134 834
763 164
726 808
213 843
18 811
169 429
705 227
118 88
507 723
554 792
403 780
779 949
62 563
174 969
965 834
639 319
509 454
329 160
148 748
114 866
468 349
704 67
745 633
690 42
799 348
291 77
607 563
404 948
595 411
667 998
453 431
822 646
951 38
612 894
926 736
582 262
197 812
521 778
405 191
499 12
545 868
724 979
174 500
124 679
340 996
180 625
578 174
43 459
794 641
832 628
979 647
549 852
276 51
745 70
410 825
730 690
806 711
110 208
4 581
833 699
439 490
90 132
592 846
42 291
761 969
63 75
413 392
293 754
424 639
904 425
891 203
708 899
547 519
471 615
347 573
534 771
459 167
482 284
23 392
539 516
186 868
9 997
941 283
187 585
511 872
902 513
373 855
247 942
748 773
325 980
844 304
922 678
151 184
880 484
808 321
592 424
994 116
995 821
463 235
643 145
496 364
667 55
559 13
126 482
532 971
292 80
940 612
387 380
490 489
537 720
334 286
615 955
637 607
139 348
784 23
396 325
453 372
236 516
664 717
754 969
685 329
482 644
466 1
620 930
968 323
896 480
55 113
186 128
573 500
805 705
20 783
719 911
79 492
428 212
929 473
864 242
963 230
410 746
689 330
323 212
362 626
169 766
167 95
479 985
214 158
911 364
109 332
932 777
312 146
673 807
742 928
191 186
911 157
949 74
878 96
240 404
954 688
740 65
603 34
228 445
88 744
927 647
678 779
882 942
440 165
812 581
320 395
857 340
188 353
854 316
959 532
504 566
122 237
243 435
880 433
58 853
38 487
757 981
60 299
334 958
444 74
942 697
954 741
305 660
782 934
820 285
161 936
296 81
390 783
501 56
49 655
433 296
588 578
383 36
610 104
629 316
813 581
151 418
524 696
343 312
942 20
680 902
809 294
920 786
444 287
618 566
672 762
250 474
13 270
362 240
514 277
571 492
538 159
482 569
410 266
818 191
288 769
115 841
672 984
571 506
326 633
384 272
458 587
651 370
724 932
326 648
935 570
270 204
152 155
933 564
444 835
730 584
603 714
215 128
865 966
629 914
579 357
104 771
911 418
604 575
152 441
855 724
30 446
110 136
534 638
204 373
195 680
461 354
122 730
581 561
214 186
52 257
768 242
989 780
578 729
206 526
523 376
48 600
503 88
267 646
18 256
98 638
772 681
86 83
235 631
531 962
164 697
716 510
38 214
118 288
82 778
599 275
315 425
803 822
661 700
352 824
494 615
223 111
886 805
562 980
688 758
781 391
618 891
668 208
550 204
23 324
121 490
464 997
563 371
736 228
843 35
383 250
243 667
184 161
848 635
888 952
705 6
183 187
377 437
646 561
240 971
633 868
924 343
302 231
170 412
696 430
459 568
408 566
540 359
763 598
654 491
823 496
435 563
572 176
955 979
563 815
298 306
480 119
373 500
376 72
486 61
659 925
115 805
480 486
813 476
689 214
546 569
853 796
582 426
140 665
197 984
200 116
572 756
976 533
633 386
655 751
968 121
107 999
932 540
664 850
275 463
376 516
269 662
971 667
185 226
938 480
579 494
102 681
394 382
512 437
15 354
521 425
115 270
480 913
506 485
713 741
454 721
842 963
755 350
550 624
760 584
982 219
622 178
630 713
43 827
100 184
963 762
322 238
674 891
969 889
161 276
808 697
899 514
243 656
136 118
268 627
734 714
939 402
464 562
118 24
635 496
374 68
982 647
910 160
207 392
679 605
611 123
745 973
31 261
908 897
946 204
433 487
878 967
936 458
224 492
848 758
230 662
931 753
658 875
643 197
368 865
645 639
518 775
652 269
301 441
504 187
47 309
72 927
969 665
399 988
491 995
888 289
870 849
637 954
374 512
461 232
558 18
16 258
124 962
470 690
676 121
434 636
917 369
612 895
63 545
599 595
357 836
267 36
93 842
412 518
542 913
11 91
270 756
389 716
300 443
637 510
47 416
418 170
147 361
86 735
110 209
812 429
336 126
295 97
431 513
216 735
367 851
759 685
265 7
466 640
350 645
74 913
873 971
597 404
635 193
618 913
658 376
380 444
739 895
725 304
265 370
30 946
273 943
271 428
117 23
577 249
632 892
89 391
17 418
236 50
829 451
334 931
26 400
961 203
209 878
191 682
468 45
640 928
781 7
65 303
377 109
178 70
568 706
4 658
2 312
393 122
709 671
537 550
115 590
6 739
580 652
762 235
391 287
434 830
180 406
3 303
322 892
712 619
755 527
59 4
7 348
598 831
451 366
571 161
534 23
79 382
965 377
158 602
208 951
715 846
831 576
387 827
651 166
135 73
910 881
747 433
840 237
522 345
775 121
577 786
872 670
465 88
358 749
550 572
629 558
647 67
627 753
500 630
194 809
566 49
345 435
987 108
403 207
276 839
849 3
722 275
389 480
835 48
176 499
930 196
750 317
454 654
336 233
484 945
868 710
971 385
203 795
898 793
156 179
449 447
503 228
214 121
218 372
716 475
99 431
223 229
337 610
307 182
424 692
593 689
920 543
99 56
322 329
765 979
325 550
715 226
972 99
289 411
890 247
654 242
565 477
472 388
933 25
610 246
791 943
304 973
362 479
217 496
201 987
865 300
277 406
114 856
44 647
62 712
546 961
247 724
876 228
199 593
438 907
210 810
266 616
287 178
314 892
991 602
387 744
827 580
486 378
962 979
173 88
783 735
480 330
427 725
567 57
968 11
479 649
765 906
216 975
288 242
569 589
774 268
725 850
7 247
447 508
285 497
345 542
146 537
737 496
336 439
924 552
680 170
34 930
200 390
459 435
337 787
946 899
716 281
453 973
977 195
850 595
100 54
212 968
599 204
582 922
612 425
869 326
146 477
937 510
916 838
584 601
414 91
345 75
494 612
388 433
377 346
307 3
71 42
381 910
248 745
373 935
434 130
17 106
75 188
916 862
829 11
117 265
501 106
527 836
438 629
883 899
439 292
408 648
383 793
10 727
546 997
987 861
606 993
706 312
939 898
514 246
698 523
457 191
221 142
24 630
704 232
944 647
174 252
713 78
25 76
101 473
304 181
739 647
253 142
219 770
590 823
595 223
279 688
309 317
770 289
628 29
59 810
150 583
944 116
690 584
394 29
224 499
381 155
293 873
348 452
405 891
462 324
104 864
301 570
835 770
52 448
676 538
703 803
261 348
816 909
907 294
108 943
590 243
280 378
209 308
86 914
413 418
143 963
346 967
509 537
862 489
423 841
809 664
579 408
907 516
373 249
555 22
496 674
694 639
919 606
811 305
151 944
757 470
939 405
924 103
619 633
433 516
431 17
255 381
91 756
685 705
919 316
437 450
152 880
692 874
387 286
921 648
938 726
307 317
201 770
808 246
311 477
439 264
64 6
732 970
396 125
830 405
236 380
24 948
153 848
364 684
300 993
29 24
778 190
608 562
330 344
352 496
488 294
853 620
912 114
571 279
295 687
888 401
997 593
101 620
227 801
600 261
214 837
90 735
833 467
775 886
962 795
944 306
928 919
158 780
250 757
587 553
128 815
510 291
799 13
103 432
236 563
968 7
405 925
552 710
715 818
612 606
390 50
284 977
232 258
485 112
984 817
15 675
822 81
788 481
808 383
419 559
793 510
850 761
711 696
237 817
224 64
819 539
756 755
904 476
63 117
200 557
772 723
220 944
688 450
782 396
68 620
731 292
830 440
597 403
707 335
892 209
769 944
916 577
739 894
556 600
683 871
247 828
105 771
550 21
274 272
772 23
260 835
652 637
959 579
356 660
251 406
274 675
169 399
154 381
846 654
819 69
213 990
540 313
559 581
454 299
564 977
679 678
813 752
575 785
126 371
715 948
970 989
720 730
671 871
204 79
415 37
418 779
534 165
607 529
865 82
24 686
541 931
926 691
788 560
951 4
510 204
549 876
885 256
229 300
466 142
974 206
813 180
906 790
564 846
323 952
478 904
281 460
524 312
807 764
479 586
872 302
256 141
502 124
405 548
263 458
836 280
105 274
622 265
159 757
368 588
630 788
256 390
8 653
134 317
233 630
752 674
843 765
223 343
887 106
747 909
803 911
588 143
94 448
864 687
943 427
497 394
902 961
711 933
401 204
158 63
133 451
99 59
213 47
970 426
751 547
866 267
424 266
687 779
523 794
377 302
412 379
86 390
461 59
936 357
610 772
39 564
45 567
942 703
561 213
947 103
87 808
145 481
681 55
402 464
170 564
541 579
299 856
601 488
16 338
26 151
720 477
746 614
247 727
359 57
41 946
387 346
300 937
860 327
676 220
275 797
554 752
352 440
888 346
724 192
871 51
196 377
732 859
608 873
607 629
962 976
709 37
158 821
864 434
772 974
775 958
867 809
779 443
339 384
233 133
234 214
279 796
637 308
709 491
437 132
989 503
206 963
246 828
137 728
58 414
189 660
30 444
877 519
327 746
589 147
863 564
586 438
967 538
932 815
419 884
650 248
30 350
768 355
933 419
508 682
242 224
596 823
724 499
431 286
623 298
991 182
722 681
961 487
959 852
542 324
213 82
890 672
436 311
938 977
833 173
283 140
916 1000
198 433
784 518
93 414
230 537
217 812
18 853
296 79
922 783
10 837
175 345
537 319
454 480
31 831
540 353
728 961
486 977
157 831
61 435
737 998
75 763
534 952
729 586
969 93
760 176
28 646
254 190
257 96
480 343
941 438
304 5
659 893
457 617
689 438
747 632
215 166
723 170
529 834
243 169
941 344
855 502
967 728
203 631
612 665
280 204
637 58
826 347
3 960
595 538
778 454
104 31
546 106
105 490
214 196
640 491
750 506
224 94
480 770
569 36
547 287
55 797
43 829
483 50
677 566
680 733
610 635
848 172
523 580
53 413
424 307
711 341
958 432
951 857
899 802
781 561
388 293
2 419
94 69
991 473
408 886
943 101
35 851
52 633
74 17
809 66
316 54
504 846
736 521
479 401
576 226
118 889
174 63
641 570
473 710
481 211
227 979
193 711
145 612
348 101
828 447
651 478
391 219
966 341
842 335
774 536
334 35
561 429
304 82
93 840
595 250
137 560
653 486
766 113
604 116
551 607
578 859
443 470
301 908
584 248
585 257
381 190
807 390
936 693
40 906
850 871
409 603
46 928
659 663
125 185
253 356
437 109
578 637
981 608
301 686
855 11
894 759
533 259
280 343
86 396
392 305
48 659
469 380
234 738
454 563
669 116
124 213
108 690
290 547
355 27
302 758
344 296
779 94
626 386
333 976
820 486
36 565
75 25
368 493
83 626
249 350
838 646
269 185
967 455
539 295
353 264
250 112
187 641
539 212
558 624
961 890
819 68
178 68
215 103
571 743
787 546
330 155
230 540
891 598
218 687
642 326
149 694
850 485
776 384
904 597
727 873
858 1000
819 354
310 363
239 563
331 652
832 919
292 817
187 77
996 813
323 669
654 707
147 539
832 693
168 775
232 577
704 639
642 138
770 375
348 367
920 280
659 693
987 320
423 460
172 204
690 529
160 524
12 613
2 527
958 978
618 319
752 965
768 122
842 807
826 160
721 62
573 949
315 941
375 789
871 688
99 615
826 340
760 531
545 505
564 387
876 146
930 309
47 655
298 59
562 860
731 259
803 910
437 660
264 118
856 752
416 913
592 218
956 26
669 890
356 427
32 97
35 770
715 228
53 469
80 781
632 922
52 284
605 749
19 458
921 726
734 784
924 479
943 109
934 800
972 499
98 448
61 204
924 334
653 904
849 848
516 128
240 817
322 779
623 939
974 623
649 690
982 775
943 816
110 881
555 932
992 794
809 436
604 691
913 662
272 282
571 350
102 68
339 274
656 432
196 393
918 848
888 57
767 963
471 134
760 115
500 694
57 295
714 471
81 217
281 431
521 545
495 482
833 759
963 84
11 323
488 116
342 371
146 678
238 64
204 368
902 241
523 236
781 960
448 554
157 38
214 185
142 650
443 151
510 820
593 96
543 630
308 37
592 920
233 855
325 742
960 523
913 445
639 707
530 373
604 646
825 343
197 622
658 654
9 802
587 509
143 683
421 53
922 618
351 820
505 252
657 783
161 984
392 421
787 892
809 980
539 239
813 900
540 92
299 822
883 832
40 166
495 654
260 939
834 464
784 805
326 156
221 490
349 213
840 540
213 518
306 168
749 596
700 120
993 482
97 21
996 903
26 27
118 333
338 217
586 115
110 781
236 568
594 934
410 365
693 786
529 785
663 330
588 210
684 330
429 351
702 802
885 616
577 815
392 737
216 941
950 60
215 609
443 565
198 924
608 178
493 336
534 686
9 305
281 309
14 454
146 650
640 561
789 346
850 674
856 795
660 999
955 677
674 775
33 245
142 785
329 782
238 190
129 666
60 682
285 791
237 510
488 180
282 527
925 295
60 23
35 845
127 467
666 937
905 559
928 100
587 409
93 280
995 908
620 359
549 813
571 877
516 58
60 238
188 411
316 64
120 577
482 184
890 45
586 290
752 6
37 234
735 967
520 140
64 157
795 18
597 930
227 581
995 902
585 891
468 345
767 71
196 906
888 292
840 391
948 850
76 969
165 616
224 188
79 246
541 989
841 35
913 606
614 216
609 826
233 179
659 811
253 144
179 803
897 994
534 505
911 75
167 704
663 735
651 191
390 417
265 960
388 642
775 22
667 649
7 168
157 347
177 645
270 618
658 793
110 357
76 397
385 336
885 765
172 888
284 578
122 510
432 981
659 630
487 817
254 516
284 753
952 347
881 651
931 135
618 350
479 486
805 225
696 864
208 970
691 551
195 724
808 777
554 277
293 335
475 612
703 180
972 155
166 38
761 664
873 746
786 211
880 314
89 565
311 748
421 124
350 146
491 488
476 604
256 781
578 192
446 528
655 324
549 961
435 289
180 479
496 273
335 312
62 576
875 541
50 440
288 525
36 891
81 275
979 269
619 786
853 973
197 456
704 52
260 754
945 318
660 910
813 295
365 787
903 509
465 657
173 224
395 170
658 620
953 644
36 168
662 108
463 299
177 118
179 736
383 576
519 706
22 382
121 433
528 159
988 9
205 540
112 796
997 853
881 964
293 862
646 850
613 261
353 631
245 897
980 724
203 673
883 3
920 55
160 636
751 248
988 734
402 729
918 753
561 916
216 643
437 497
132 385
705 577
507 117
13 602
237 164
789 276
540 693
722 560
835 339
695 743
62 32
18 240
174 311
657 512
235 540
598 65
216 255
550 164
707 791
293 69
460 506
317 95
446 701
71 208
791 827
942 488
653 822
729 176
752 255
37 209
221 276
778 821
799 621
452 600
895 244
843 281
438 543
535 527
829 198
904 739
528 319
395 1000
857 645
608 525
473 652
225 51
316 366
173 179
672 766
124 807
729 451
583 488
515 88
241 965
774 711
645 709
341 457
908 57
196 379
725 493
239 455
136 826
54 904
405 130
558 440
906 697
861 281
594 116
577 834
135 430
855 383
487 923
458 947
348 483
920 228
205 422
171 346
134 98
742 151
851 382
637 419
929 362
345 611
785 782
721 736
293 963
202 872
573 871
924 555
33 398
412 356
404 275
208 116
266 284
233 711
791 781
672 70
152 347
318 72
411 678
845 166
986 62
575 650
220 890
464 300
411 855
484 807
147 753
964 617
90 410
901 88
479 108
182 811
138 564
583 874
250 91
240 146
994 359
209 649
339 550
325 519
615 382
588 915
95 173
260 886
354 121
675 785
970 351
40 245
136 267
445 287
35 543
752 27
199 784
683 541
83 267
981 302
583 174
179 796
606 85
2 255
576 152
726 594
913 855
73 178
861 185
352 471
727 784
490 45
1 302
740 615
511 497
408 472
483 956
101 629
27 638
323 711
510 187
888 547
55 437
93 866
719 978
866 546
689 91
397 836
880 714
112 804
332 621
450 480
693 420
965 463
285 121
573 794
9 423
10 72
928 731
981 586
958 959
552 922
440 404
594 269
152 264
764 189
546 104
548 686
39 37
833 508
906 352
467 810
618 534
195 763
569 42
787 479
42 106
958 84
778 294
344 799
809 644
223 504
646 497
43 844
71 122
237 398
61 928
587 408
921 796
151 147
227 281
514 661
403 930
321 765
507 726
663 111
257 533
75 810
810 427
832 239
37 378
365 669
975 228
813 649
746 700
140 117
287 230
92 350
933 304
516 488
793 869
261 967
830 648
559 330
410 223
512 779
895 482
606 851
590 628
844 860
238 128
814 124
853 986
275 964
314 930
763 965
489 88
287 917
56 725
733 229
936 921
629 820
832 730
508 323
366 865
558 355
194 122
450 452
177 644
440 338
206 825
797 362
267 919
551 959
775 311
707 133
747 644
911 279
788 194
76 364
938 339
354 522
741 110
247 501
322 44
983 417
852 304
117 793
522 997
225 995
427 363
194 18
748 717
397 655
740 57
642 542
815 457
946 680
543 990
303 293
677 549
520 365
494 432
778 685
601 838
97 551
8 208
464 530
930 723
271 473
903 824
902 661
482 234
691 482
728 648
765 813
514 633
282 543
84 249
931 512
656 293
556 579
9 668
393 414
912 179
841 275
948 529
274 576
126 374
842 143
508 493
257 787
990 287
404 235
520 903
158 589
175 625
895 390
844 832
371 282
978 462
463 298
549 405
54 797
201 383
220 13
93 825
811 754
793 99
614 197
945 953
50 588
234 241
287 905
200 33
1 48
208 476
929 476
634 603
362 861
842 579
366 893
239 241
828 530
462 272
101 240
140 556
807 420
185 173
718 65
405 944
264 572
500 626
105 134
604 119
930 81
767 668
312 296
590 191
684 192
498 111
820 896
267 512
863 610
829 974
497 173
208 24
9 217
375 132
877 834
159 647
365 110
350 962
260 494
647 754
597 451
835 338
251 11
808 742
511 725
185 361
367 593
437 276
703 171
119 48
303 313
90 310
757 702
578 3
411 104
988 605
658 491
643 581
511 779
807 718
39 672
126 726
161 562
127 379
273 24
516 108
330 987
682 372
153 578
409 488
118 106
235 970
472 392
400 165
455 705
260 945
500 478
636 578
729 288
878 899
852 26
648 824
308 554
724 92
177 183
624 280
767 732
979 6
469 808
140 262
225 714
662 9
629 202
701 749
723 13
508 421
497 700
650 720
210 219
174 454
96 158
266 168
965 490
629 925
116 832
651 87
87 65
881 624
992 311
64 104
944 530
119 408
369 263
107 796
661 372
681 420
685 526
308 39
605 455
670 269
969 832
244 772
360 94
113 10
95 378
190 918
941 838
302 556
490 948
517 119
351 161
133 382
946 451
381 906
674 157
826 873
722 966
909 350
431 238
682 360
210 601
763 271
141 5
507 717
165 911
994 57
312 70
740 565
836 692
448 157
340 411
987 651
363 10
95 709
984 366
14 435
473 751
148 581
184 886
314 685
979 181
692 726
399 884
770 104
129 272
619 507
805 930
365 100
840 402
495 844
641 583
976 635
278 669
728 512
768 663
376 922
33 335
819 792
759 934
464 205
711 835
660 131
733 979
720 414
274 452
674 35
404 304
171 103
686 714
746 465
216 636
550 591
713 744
164 996
826 457
591 715
651 449
150 903
527 371
934 339
612 73
962 8
468 705
485 621
490 793
770 20
694 627
808 702
293 314
186 842
709 866
948 250
142 49
904 96
722 795
32 171
992 93
886 181
965 554
127 307
308 639
165 978
812 744
294 702
27 17
726 669
731 777
951 632
921 573
408 744
500 278
710 129
415 303
491 189
109 518
511 182
939 853
892 851
862 367
170 813
82 18
597 642
50 839
857 621
827 133
131 666
334 439
101 616
248 52
659 956
987 603
568 871
988 176
261 760
154 840
653 402
983 911
106 65
355 215
253 174
608 899
217 183
500 889
620 602
513 176
341 357
591 363
538 869
683 71
46 564
324 318
113 517
703 754
650 458
667 341
217 615
922 384
3 912
281 534
161 120
837 520
972 800
885 797
209 276
686 742
564 426
947 546
696 866
459 204
25 650
9 13
85 378
689 430
143 94
755 430
252 652
206 921
682 127
657 242
593 328
489 150
725 315
255 652
759 236
191 576
888 939
288 289
124 290
99 225
688 770
670 758
175 60
88 78
326 928
793 376
245 184
541 635
265 928
965 671
767 263
783 546
394 200
235 964
491 153
753 590
885 121
279 304
581 336
656 169
620 250
404 999
921 315
225 134
813 381
61 504
374 609
701 712
376 133
395 61
380 597
505 43
959 401
84 557
896 405
366 915
106 308
346 327
399 499
882 638
115 62
580 797
524 308
270 580
437 221
510 573
827 365
646 995
78 289
834 579
24 143
284 672
637 14
785 945
418 314
440 478
483 256
47 643
980 948
68 686
237 785
219 266
129 550
445 964
820 816
379 64
53 143
492 481
335 302
635 883
427 145
911 8
95 917
933 849
991 239
114 657
316 949
777 445
652 831
97 657
276 842
881 241
259 335
408 915
886 834
782 57
613 68
631 954
944 852
486 719
838 368
565 472
783 401
380 204
520 247
249 89
654 358
805 218
231 91
611 775
689 625
448 801
657 467
841 270
554 621
594 558
846 913
211 2
309 913
222 382
20 612
153 189
837 855
248 253
528 479
642 75
456 458
864 455
344 618
222 529
940 868
832 869
961 647
211 352
728 694
607 646
137 994
101 305
155 709
999 344
91 359
811 622
918 966
581 904
638 123
399 471
493 472
538 861
426 403
744 426
137 732
725 662
694 40
57 405
185 200
289 122
113 862
476 927
462 227
671 441
105 498
717 43
647 320
635 942
733 1
502 763
910 658
638 567
132 246
80 207
298 26
190 4
906 477
892 166
910 317
785 402
385 858
833 304
639 716
605 812
109 221
888 470
863 500
260 225
324 237
895 551
902 707
178 809
507 607
236 119
18 830
39 980
776 238
80 523
444 100
49 604
412 714
841 456
880 34
131 114
671 628
304 622
156 711
387 301
136 619
800 466
754 809
59 357
277 294
832 931
410 249
837 190
585 813
969 78
228 763
616 937
619 506
634 553
382 100
384 323
663 327
372 186
965 171
904 101
530 505
3 520
720 681
758 626
487 552
163 846
354 915
271 626
462 478
689 426
124 265
479 633
299 143
851 426
211 971
674 433
307 648
15 763
72 259
261 327
869 50
43 484
798 118
218 100
544 540
82 567
347 889
485 394
289 247
327 347
328 587
55 1000
795 653
159 862
590 406
647 868
333 599
544 762
446 398
622 39
731 952
485 765
89 60
450 460
861 678
648 151
332 352
905 416
268 760
485 846
144 950
133 997
951 853
751 615
244 719
355 302
302 299
250 88
592 451
60 233
465 895
730 407
909 466
74 29
22 789
98 391
687 45
340 440
839 806
857 707
901 686
956 241
171 843
526 510
770 77
440 792
187 37
975 4
859 535
234 454
435 819
310 429
386 501
98 971
138 370
223 789
370 459
243 107
707 984
634 600
29 764
49 230
451 150
641 506
736 56
276 75
828 520
409 686
817 281
767 533
38 709
133 735
640 109
910 953
733 566
937 893
220 623
630 914
613 192
595 589
265 184
428 412
124 499
17 975
501 150
884 637
272 944
760 763
881 281
464 936
273 647
330 624
906 405
431 466
934 463
169 839
326 212
108 332
473 640
278 466
323 334
246 524
47 147
838 762
649 815
249 902
890 221
28 316
305 609
690 804
587 23
92 623
929 100
135 733
106 607
243 993
224 398
22 817
518 842
835 978
801 838
54 582
382 883
623 915
573 186
116 315
344 902
589 836
127 901
935 856
224 236
352 401
650 984
151 373
49 471
982 865
399 687
610 272
997 624
559 729
961 698
598 817
476 144
969 151
21 202
409 872
85 903
211 308
451 229
489 58
73 315
590 880
660 2
358 777
289 883
16 981
58 48
595 779
614 37
63 801
907 391
626 57
759 280
293 812
81 2
393 926
816 588
538 536
133 836
320 885
193 661
256 305
704 90
29 4
213 359
693 45
677 744
203 785
702 309
282 672
981 866
798 872
503 226
324 983
682 193
960 547
208 824
962 113
195 578
169 163
242 475
341 485
218 400
492 23
476 652
458 131
574 45
189 17
889 781
520 105
635 446
691 448
378 973
861 944
26 353
528 675
601 499
745 384
628 988
40 93
314 548
919 65
867 400
121 22
430 118
378 687
40 997
885 205
524 917
562 32
37 530
644 526
774 597
119 878
64 656
49 76
470 764
144 344
442 21
723 508
618 234
619 319
965 327
751 843
146 148
883 194
577 839
195 196
106 297
509 956
38 690
943 466
42 561
797 703
101 18
79 598
72 488
368 911
906 105
135 329
176 262
396 827
509 670
882 152
973 47
48 704
359 710
939 112
7 544
88 604
846 545
15 90
164 672
60 625
463 628
725 257
388 204
86 197
180 138
91 625
493 829
815 368
49 881
307 9
481 348
455 385
353 475
71 177
607 3
807 637
539 227
443 694
778 837
53 594
362 426
783 500
22 782
614 756
207 262
465 931
176 602
636 608
676 287
90 850
787 606
383 449
672 472
740 902
796 912
139 447
115 524
602 850
555 900
511 498
667 786
997 551
279 488
296 251
714 283
552 434
58 295
612 834
813 469
889 791
599 580
197 318
429 460
158 794
201 309
310 113
628 500
646 767
404 254
791 482
230 704
45 252
182 642
598 1000
693 560
180 613
900 318
426 285
794 693
858 480
840 43
604 28
271 767
573 791
48 398
949 888
306 970
798 987
76 500
829 786
990 222
233 791
658 886
823 704
755 182
691 862
581 542
33 24
878 176
185 453
630 849
540 585
150 901
834 938
353 281
838 866
450 931
158 496
513 647
56 86
506 378
52 2
604 759
808 124
59 290
532 507
611 386
874 816
191 558
322 395
472 36
435 88
473 781
19 409
204 939
558 750
705 74
759 187
616 443
155 605
929 514
363 202
349 127
681 225
75 862
706 340
122 415
179 204
773 546
743 500
654 351
931 758
74 109
936 64
644 785
780 415
304 364
687 157
139 475
856 151
107 495
54 746
644 672
810 712
500 218
231 902
715 637
420 343
519 581
611 572
816 404
84 676
983 536
388 205
419 113
940 813
857 543
448 679
547 149
859 647
872 104
522 477
193 917
984 904
660 323
81 148
443 493
300 434
979 470
584 253
785 493
774 670
628 238
658 452
707 249
263 335
485 203
33 474
949 860
609 527
648 745
561 291
502 518
764 877
17 974
414 856
813 801
480 948
66 437
32 269
530 516
142 838
915 194
590 685
545 65
838 846
605 308
125 519
293 331
189 298
104 286
213 420
179 364
986 868
968 679
731 917
22 650
4 897
62 155
799 966
123 411
605 787
252 765
182 972
203 35
434 612
501 266
196 824
809 903
277 665
852 803
529 256
1 687
807 517
666 683
459 667
207 329
887 763
619 889
981 370
412 563
287 417
490 319
348 689
421 299
763 422
733 258
435 451
410 143
893 604
917 700
478 566
928 968
176 832
528 501
196 259
657 279
253 878
440 821
59 29
847 44
98 637
482 668
232 567
110 540
125 276
571 166
607 684
776 882
148 204
327 819
334 179
836 209
820 766
529 767
517 698
870 432
768 960
77 264
384 985
258 610
703 784
600 803
677 949
253 259
110 244
68 680
416 345
289 205
753 480
956 688
664 431
811 192
795 711
66 409
602 199
584 326
489 518
679 73
312 9
132 284
939 164
742 223
655 224
825 205
403 291
556 683
423 924
890 429
161 725
109 247
403 656
702 20
902 586
887 8
716 466
803 425
108 433
442 781
709 611
663 630
722 993
501 238
929 601
592 509
919 354
500 446
64 166
196 220
374 391
262 53
486 717
537 213
744 564
348 742
299 862
567 733
605 394
934 948
460 811
421 592
975 217
682 608
814 72
709 414
219 910
3 385
666 67
796 706
943 541
896 452
88 194
922 280
120 168
196 5
270 772
551 653
498 349
357 22
931 347
769 20
203 752
997 966
730 529
125 139
452 333
768 89
404 424
797 303
484 126
157 176
124 453
380 63
846 772
72 467
688 162
257 431
920 821
705 545
648 265
726 345
194 38
51 595
54 287
226 759
388 154
669 55
442 825
48 559
126 900
553 518
211 163
596 684
958 15
7 705
565 247
159 922
485 406
256 683
425 731
649 132
844 920
325 198
192 250
553 288
361 823
142 378
922 26
735 89
256 969
683 562
278 902
986 737
516 210
629 375
188 99
500 317
353 691
709 719
984 450
801 668
164 244
719 410
900 704
700 2
841 296
435 571
292 144
650 782
495 167
944 559
466 415
174 148
909 799
178 363
931 827
680 249
44 384
889 227
988 175
913 119
10 387
598 894
214 675
984 574
498 613
650 755
334 120
550 844
333 128
520 594
615 302
46 543
285 317
395 459
859 856
82 275
815 531
95 273
930 37
489 275
919 539
617 47
817 477
532 64
794 967
63 94
817 558
273 520
626 182
545 46
133 44
310 732
155 669
265 461
969 865
507 174
108 722
134 537
32 63
677 385
167 419
596 567
948 372
587 412
38 468
921 736
259 393
743 529
231 509
378 915
531 309
736 801
257 760
356 846
106 633
397 188
29 624
810 407
344 829
328 386
858 728
457 98
420 114
585 32
596 235
745 727
282 127
257 106
468 358
952 683
757 88
603 846
672 806
572 963
74 306
315 106
318 799
318 941
837 33
235 467
509 144
963 408
42 837
22 343
29 585
339 465
486 160
396 696
571 10
139 102
361 26
392 586
279 834
733 830
659 524
287 695
147 480
755 119
77 95
663 952
632 234
802 28
414 206
751 227
147 337
846 205
298 815
560 470
137 363
543 279
211 854
964 376
588 444
55 601
777 298
722 438
819 806
378 384
105 456
788 189
437 265
955 708
1000 443
359 872
143 766
363 621
200 675
801 444
385 791
463 702
564 203
227 91
378 213
472 146
881 202
777 279
504 547
175 72
507 936
537 867
19 436
298 389
924 497
832 278
69 454
325 876
821 631
606 247
539 170
689 691
745 913
339 960
835 839
767 256
14 744
397 160
736 700
936 430
184 723
162 110
352 693
970 131
799 517
766 584
112 341
573 184
615 861
27 796
359 99
966 393
549 191
608 725
699 270
611 970
478 567
374 612
747 250
605 248
112 563
244 16
816 433
340 547
841 962
897 848
646 565
376 247
340 914
324 127
310 62
349 732
423 373
963 320
582 490
993 312
162 481
826 72
501 998
314 475
676 714
370 207
797 330
157 171
108 863
938 416
295 29
651 781
247 292
873 141
273 583
204 473
186 700
318 81
699 961
527 263
899 676
661 461
220 915
518 462
449 363
855 779
345 198
255 591
471 514
185 365
646 290
151 896
812 574
414 742
330 741
41 366
959 910
621 91
667 599
990 784
772 99
105 992
490 638
930 755
739 598
348 624
554 167
131 138
69 442
731 965
598 239
682 259
277 557
443 797
135 707
50 89
52 575
900 749
539 39
283 741
303 750
333 724
455 995
203 894
260 723
135 993
16 119
179 549
309 926
442 305
244 197
745 568
597 583
945 174
732 850
969 32
328 184
790 54
149 950
409 985
718 276
811 722
22 287
978 65
357 132
167 647
45 295
525 541
285 344
68 88
790 684
414 100
769 107
132 701
793 157
116 844
100 329
465 188
581 774
158 105
896 146
91 6
717 454
702 618
78 256
537 373
119 428
923 927
584 389
752 999
949 147
368 528
20 249
663 849
522 71
105 503
775 392
191 193
358 882
906 488
811 444
32 421
584 754
434 457
184 235
585 65
100 796
141 655
470 378
933 882
346 700
924 27
526 195
754 943
792 701
649 788
967 484
130 643
867 208
549 900
433 700
140 163
348 198
452 697
415 311
198 77
599 608
535 454
773 605
922 953
390 627
671 518
799 477
549 230
382 137
774 789
866 874
558 140
852 425
871 511
141 372
58 690
330 447
828 402
421 964
597 603
746 871
662 41
224 5
817 16
785 747
516 678
922 381
905 248
758 232
362 657
57 325
8 927
686 492
99 809
911 393
15 708
306 968
932 916
419 571
777 941
650 421
686 607
983 43
750 274
200 426
55 628
915 526
742 918
284 282
711 982
181 910
332 46
25 690
190 84
82 386
717 572
245 982
753 312
165 410
238 832
904 262
834 987
69 830
717 321
22 748
596 705
777 105
583 837
696 23
880 276
700 615
26 530
400 353
723 614
801 492
236 199
364 12
731 924
19 520
386 797
4 348
960 442
230 572
197 333
408 748
444 250
572 542
586 447
880 208
164 233
572 254
995 737
279 296
383 372
316 275
407 708
12 52
179 541
145 605
637 546
784 180
876 458
344 715
606 743
583 929
719 12
331 967
355 657
656 510
399 618
888 119
400 587
920 787
669 330
483 522
855 290
245 570
589 370
112 980
487 832
812 23
685 799
464 173
63 159
86 724
337 962
283 423
678 571
187 274
811 230
958 795
650 40
906 190
808 864
271 96
642 660
406 969
189 439
178 680
653 522
234 892
955 820
454 669
520 35
48 1000
123 44
525 860
948 43
843 823
591 969
10 408
716 142
649 195
317 53
246 453
237 254
298 386
317 166
9 170
925 551
951 555
458 76
41 188
773 755
106 108
300 671
136 712
619 891
505 47
201 806
594 695
991 331
204 687
278 162
209 357
240 733
468 276
785 190
897 516
56 519
98 281
965 957
658 983
552 110
37 490
349 392
830 681
64 280
283 550
927 497
766 299
533 906
404 850
222 934
153 86
524 67
780 213
325 304
497 651
289 647
508 269
551 747
127 629
189 934
580 329
674 274
825 678
517 696
241 543
846 12
99 905
559 937
699 701
345 521
542 304
474 431
437 217
325 423
846 191
884 374
280 156
716 671
590 128
132 504
495 324
8 550
704 771
959 501
781 981
907 358
476 53
986 437
199 448
381 445
50 574
350 564
721 64
30 362
950 651
186 556
69 869
485 592
177 871
750 36
616 72
309 616
449 39
336 208
910 468
179 330
700 952
739 130
118 301
706 73
344 309
527 85
218 415
856 277
964 928
895 924
476 574
593 586
210 622
670 726
782 940
843 142
259 81
356 775
729 299
269 952
349 202
222 872
312 888
726 584
514 376
828 24
371 479
460 948
562 76
590 518
990 508
663 462
555 810
790 55
684 718
116 56
745 456
139 195
379 694
59 936
563 616
132 815
318 566
279 788
599 643
351 227
368 819
664 978
560 177
820 445
546 380
289 909
646 963
668 655
375 833
11 376
565 817
695 975
609 565
336 63
281 722
249 268
422 397
68 541
87 275
90 501
626 227
682 785
893 929
19 445
890 604
427 438
911 104
717 777
599 293
235 766
877 67
53 385
238 903
927 870
773 920
688 736
304 949
658 456
559 929
577 184
170 766
868 489
986 636
757 959
128 222
675 996
696 457
770 976
933 36
662 738
990 47
24 818
481 493
889 472
607 290
24 929
79 965
796 915
175 470
657 435
370 878
904 532
769 410
12 17
620 830
527 658
987 709
629 341
936 133
610 356
349 496
606 776
55 2
684 690
798 446
286 832
555 679
944 414
176 104
33 721
902 283
206 948
542 818
403 911
893 70
895 960
882 473
241 551
33 217
738 853
778 236
449 562
525 913
103 613
419 570
920 117
794 594
209 146
191 6
569 338
418 382
778 462
214 220
911 174
15 485
570 876
683 455
955 698
104 967
644 442
829 610
752 625
825 267
331 126
27 345
891 6
195 543
255 663
196 690
991 35
117 722
209 281
126 640
198 381
109 846
471 811
113 267
41 54
44 915
631 969
479 364
445 460
411 196
205 234
135 757
818 825
864 614
468 130
235 905
365 518
583 136
452 670
74 104
257 920
701 989
853 642
1000 842
909 176
213 547
641 562
71 581
810 715
558 169
11 742
139 301
518 195
145 604
617 572
690 432
291 455
665 214
872 910
580 455
267 94
659 816
953 595
978 6
120 226
694 202
722 3
315 699
478 917
634 983
817 285
637 500
341 695
267 828
231 583
366 218
318 345
780 630
195 46
786 759
350 718
833 688
100 401
321 452
711 691
414 863
729 583
628 278
857 427
164 773
111 352
773 173
189 438
595 687
228 396
835 380
530 402
470 449
648 857
977 915
687 536
726 246
288 88
792 472
276 745
740 438
796 480
51 171
326 275
753 5
554 433
815 309
50 337
98 69
980 432
763 349
692 855
195 793
288 405
677 133
553 399
577 17
10 946
213 997
417 924
74 61
239 869
314 524
407 773
671 584
763 443
73 227
808 106
679 857
440 841
775 687
728 816
486 96
418 768
908 577
297 645
906 573
962 682
447 671
656 76
16 811
126 90
28 898
12 319
167 669
918 831
31 370
34 178
954 3
77 240
350 136
647 36
404 476
674 386
732 396
665 381
152 424
872 279
211 903
549 843
768 114
860 488
698 511
107 552
259 873
404 262
907 665
929 161
34 775
163 761
882 195
648 535
167 33
674 642
809 548
313 309
173 949
251 526
790 844
294 63
981 991
587 376
215 539
791 594
400 509
256 881
463 946
356 546
855 728
435 407
978 985
224 710
98 472
448 183
265 967
567 734
544 159
164 211
365 718
495 739
701 916
27 845
545 648
35 326
285 473
398 724
225 52
687 66
875 30
412 816
839 635
608 755
664 645
420 283
918 14
72 848
897 769
914 737
735 587
468 148
480 469
577 569
504 475
931 126
168 594
979 874
817 123
763 899
927 10
305 705
163 857
182 87
789 245
756 120
171 706
241 344
747 407
114 166
368 820
335 748
393 813
565 655
512 309
290 447
54 140
592 739
259 820
664 8
798 31
452 479
719 571
722 493
283 265
172 974
751 714
843 515
293 558
886 411
189 397
116 659
699 964
662 59
69 951
640 439
414 550
436 26
55 816
855 809
380 399
365 221
331 85
190 920
873 538
468 794
490 958
238 900
352 819
242 507
425 41
873 857
9 810
485 853
911 777
435 64
995 920
762 885
299 913
448 501
191 647
787 900
270 337
630 164
478 177
249 908
778 833
598 326
265 914
567 653
969 646
667 130
294 743
942 339
193 464
257 947
535 448
149 645
169 351
117 49
871 360
874 412
356 907
287 267
808 7
850 421
922 54
182 358
19 938
224 168
187 28
249 715
513 396
785 423
456 491
367 287
803 71
58 402
650 766
577 950
45 248
49 253
158 937
585 387
381 32
303 853
366 844
3 668
668 974
831 386
889 629
163 962
827 315
186 417
850 888
464 195
584 84
487 298
878 359
665 678
701 693
119 291
765 365
342 6
180 421
647 675
459 183
756 903
9 100
164 722
751 894
991 157
630 631
226 777
209 605
563 442
602 476
223 943
556 139
420 953
421 64
502 951
498 629
353 874
322 391
450 752
14 497
902 916
672 113
231 510
531 310
87 619
348 570
130 357
991 448
79 698
706 336
729 241
58 899
610 180
903 755
871 319
193 444
766 595
378 880
41 343
879 784
149 665
170 900
525 14
28 618
782 647
608 716
291 232
330 334
684 625
153 207
960 201
857 631
130 169
645 774
577 624
46 493
582 227
304 25
15 870
21 177
44 246
709 228
931 54
110 531
996 528
233 68
894 435
767 899
41 254
858 637
77 203
849 370
225 568
465 105
359 705
944 436
767 528
860 150
608 231
17 449
349 919
744 487
891 927
588 952
914 999
612 678
526 722
798 87
437 996
752 801
634 919
971 513
441 994
315 777
82 532
781 768
12 815
734 992
756 628
649 406
208 962
760 623
812 597
27 439
302 767
860 591
734 514
900 176
367 683
298 366
709 832
730 365
807 803
754 971
672 46
468 961
606 363
753 917
166 312
350 37
689 653
61 78
964 976
448 61
936 706
431 172
420 179
852 158
785 35
926 962
773 514
153 905
540 307
27 864
732 741
672 379
856 200
162 969
345 375
558 859
980 169
504 226
236 745
899 453
993 34
175 805
580 518
837 113
140 999
583 397
435 741
459 703
208 227
839 692
879 635
257 54
827 574
991 777
779 393
488 980
159 187
785 46
58 74
479 670
929 469
215 240
135 535
263 286
266 14
59 463
937 819
609 702
556 99
404 400
458 549
393 897
358 619
328 732
146 699
509 757
826 169
94 755
629 676
466 712
219 256
668 587
428 402
531 837
787 431
256 421
494 373
463 750
941 970
547 559
513 988
402 2
332 217
601 826
449 37
485 687
342 808
381 782
610 568
597 302
877 664
808 523
661 797
669 738
741 776
195 871
342 522
199 919
199 286
227 342
669 659
853 502
981 161
841 470
326 30
113 720
61 195
282 144
122 467
878 906
631 579
648 257
537 758
988 417
554 599
885 39
597 723
413 732
551 141
396 398
509 371
315 38
27 618
693 773
824 972
743 160
382 114
111 656
629 211
611 968
478 673
228 604
893 862
840 342
287 965
714 371
438 83
665 141
921 59
427 718
447 259
943 654
909 554
626 714
310 25
167 640
542 980
428 172
620 664
348 507
77 147
189 825
635 795
525 195
612 119
138 149
254 24
86 786
733 633
367 815
573 976
703 897
240 582
919 873
119 207
177 816
456 500
18 372
39 398
681 765
962 63
891 143
798 841
804 782
234 946
493 935
265 277
28 44
303 218
472 222
125 700
237 418
562 603
300 189
195 946
568 56
201 561
829 431
667 316
584 802
88 885
420 868
196 510
80 513
501 127
377 65
624 974
880 88
370 906
465 934
852 214
945 412
491 214
912 642
795 446
818 117
467 33
367 375
148 588
4 83
638 477
35 242
241 921
572 59
535 161
611 519
650 925
499 481
852 283
374 931
487 320
472 158
457 821
422 769
465 354
67 690
656 405
701 635
408 254
46 688
451 160
436 532
418 43
201 393
665 26
647 222
372 422
615 298
106 374
586 572
436 699
955 353
940 251
320 916
301 559
414 214
797 271
156 441
506 562
603 448
163 547
720 292
777 803
946 858
765 364
267 577
569 449
255 802
422 431
260 286
208 999
171 237
964 550
679 13
536 273
868 218
942 833
263 810
416 99
908 549
80 304
288 863
62 224
568 101
330 824
62 371
764 377
14 502
680 526
436 396
331 350
961 251
355 340
800 167
913 120
911 669
848 595
832 328
425 806
819 851
602 622
427 16
956 937
500 285
201 920
2 219
990 152
684 995
758 148
531 534
874 497
947 327
804 452
715 739
495 907
650 814
425 593
853 625
231 335
58 341
200 563
379 787
494 72
432 197
48 341
372 228
634 755
581 40
984 542
950 247
954 250
556 346
478 776
919 930
89 760
92 154
282 876
718 194
342 705
67 460
292 510
560 123
725 799
214 284
821 364
487 808
570 44
581 469
590 171
811 842
578 627
394 262
273 607
795 766
503 667
794 807
656 972
108 533
552 781
898 777
648 972
128 765
498 805
100 241
541 48
834 58
228 285
47 955
708 519
226 810
937 93
265 382
564 70
857 244
341 459
40 954
795 411
39 692
758 308
795 826
522 606
192 789
1000 748
790 627
403 601
977 716
887 321
605 560
491 112
924 380
856 90
123 621
364 273
457 433
311 314
663 193
101 834
287 317
434 931
571 622
148 661
311 171
594 581
583 503
581 345
748 318
880 846
590 553
348 940
439 7
443 64
875 965
896 590
243 589
880 989
511 433
813 100
352 6
362 158
279 559
733 80
720 785
516 746
723 486
427 741
803 30
110 556
578 770
997 860
888 798
34 176
661 21
149 225
777 520
6 170
997 941
465 84
525 582
233 944
32 391
660 211
337 914
689 325
376 584
820 537
384 845
223 442
650 120
433 978
11 430
925 401
848 433
87 264
682 824
129 680
21 618
243 566
541 99
218 347
123 92
152 608
778 742
467 603
359 537
860 814
410 434
958 487
248 874
748 975
181 688
610 936
965 280
425 92
874 885
247 789
88 898
497 749
52 741
991 394
356 493
753 769
934 862
369 568
235 83
363 443
440 330
762 160
174 18
122 323
171 579
326 825
952 760
183 832
97 7
940 573
886 257
391 375
413 731
344 616
36 102
708 378
9 78
773 898
173 59
787 208
163 125
976 760
921 137
315 406
262 371
987 408
304 939
187 208
484 438
102 973
713 184
290 805
456 175
607 796
665 61
149 148
124 764
106 275
438 370
951 843
858 441
414 251
822 20
812 866
298 848
618 281
2 724
345 642
110 149
141 713
997 163
716 269
720 200
259 980
864 226
529 746
180 114
532 143
42 610
882 116
943 423
762 558
959 200
566 442
437 766
521 235
687 722
545 253
213 103
824 683
554 101
717 919
763 334
226 978
613 710
213 200
75 219
350 83
136 421
749 407
164 275
539 249
631 919
409 460
672 454
819 25
678 236
503 550
153 983
782 830
495 513
528 617
317 973
572 782
728 972
947 362
608 546
442 366
81 742
743 172
233 419
37 431
24 578
666 49
27 585
908 470
491 900
862 661
347 135
11 989
448 593
603 519
860 110
702 543
7 41
618 200
712 909
486 264
474 320
461 179
112 861
837 589
824 694
197 604
21 373
132 669
168 878
355 556
604 137
151 412
227 477
489 679
398 363
953 240
238 106
484 49
829 195
871 754
894 593
473 347
328 626
21 561
78 514
388 74
547 537
753 316
56 92
939 227
958 93
684 141
181 684
592 13
42 226
977 965
501 399
446 256
692 88
765 574
887 552
697 326
189 123
212 325
450 718
783 304
71 2
455 355
238 529
739 44
23 383
647 865
568 324
938 295
520 39
903 860
135 758
451 805
32 897
917 960
809 79
573 62
331 447
410 2
822 578
554 912
382 862
865 352
993 427
885 109
957 304
321 534
533 513
292 177
535 87
633 109
474 915
477 284
818 376
839 722
419 159
183 174
774 535
941 126
139 12
125 507
637 577
703 516
608 660
135 88
309 357
440 774
186 464
710 615
894 256
72 471
725 609
107 847
594 343
501 815
781 941
46 798
679 904
224 66
180 21
815 754
159 682
103 223
312 115
76 244
630 695
811 107
560 297
545 91
319 848
755 411
753 216
751 829
938 122
412 69
804 839
791 587
242 430
549 661
660 594
754 341
938 34
22 639
288 313
614 852
50 479
857 917
520 195
39 917
61 189
155 184
502 273
50 430
748 25
571 752
724 466
796 935
376 320
457 1
884 664
762 252
448 844
567 917
861 448
240 750
495 942
187 489
225 158
353 961
226 433
211 479
763 666
770 40
220 151
798 494
651 503
780 209
28 878
432 431
205 342
996 679
978 86
673 652
897 76
589 560
491 733
291 528
722 83
116 198
98 857
851 269
162 506
347 58
936 525
958 590
862 977
493 381
419 614
936 668
279 859
868 863
579 260
300 291
138 194
466 567
404 257
99 619
569 399
327 651
347 329
129 574
940 482
450 114
893 478
588 300
203 790
459 224
705 712
463 744
855 722
636 32
640 349
825 215
458 424
848 208
372 962
431 511
948 11
472 196
950 937
886 811
407 358
726 896
658 480
218 411
610 937
97 602
190 733
375 352
341 351
621 768
383 244
476 570
41 115
390 878
635 439
580 38
808 299
458 108
866 97
618 396
915 905
529 119
933 413
352 342
904 749
637 787
318 679
892 828
948 766
400 956
311 142
993 467
425 543
83 87
49 411
965 925
72 964
913 754
770 157
704 664
42 115
900 520
300 812
317 650
551 962
150 362
690 375
728 702
103 270
234 75
287 967
969 180
832 748
52 444
943 648
196 3
290 216
555 716
258 634
116 218
651 241
176 223
271 736
863 794
426 411
251 738
317 913
594 396
815 852
403 820
531 645
406 85
259 838
402 824
404 293
7 904
363 778
648 566
775 980
113 618
119 201
855 181
316 627
344 236
166 592
761 749
208 795
263 549
448 298
691 662
786 254
489 774
643 539
57 970
687 834
246 406
450 747
338 301
115 943
446 90
277 874
481 263
886 654
972 443
744 554
286 779
785 88
326 120
808 263
754 639
538 432
639 371
84 998
800 379
145 330
473 581
662 849
341 779
187 307
761 154
139 891
625 635
697 854
221 16
563 806
121 164
799 361
468 447
533 605
201 220
883 536
719 134
813 734
546 728
935 41
14 886
917 367
96 85
667 920
228 626
914 851
275 547
297 851
851 340
279 447
374 835
505 912
159 381
71 929
366 851
977 350
655 765
837 762
401 356
160 591
750 676
203 611
579 476
446 197
301 702
384 822
350 609
243 467
11 489
507 70
121 293
445 772
678 814
692 315
530 426
532 172
722 750
616 117
997 440
769 935
826 560
496 179
544 353
498 679
916 545
673 316
145 123
247 988
857 952
17 65
922 708
521 961
531 424
644 905
974 656
683 677
987 775
457 100
666 368
575 992
390 592
46 22
244 139
945 152
603 836
505 737
434 671
733 473
278 852
248 61
803 151
253 820
514 94
589 698
908 694
276 381
59 103
851 131
871 252
638 217
111 827
172 77
729 844
968 52
629 939
244 335
964 64
853 830
896 160
32 166
778 140
655 582
879 731
901 977
370 52
389 510
372 602
907 369
441 999
621 247
281 654
122 548
194 249
674 207
198 657
697 22
200 602
419 824
574 844
748 711
289 260
787 5
761 820
317 366
801 161
565 184
844 65
441 562
964 826
878 288
844 464
972 285
739 250
80 429
503 421
201 719
754 421
826 822
98 65
83 751
890 229
727 277
654 224
402 481
633 701
939 650
682 307
35 449
559 18
763 447
446 889
107 51
605 464
182 515
292 71
57 387
581 327
429 218
340 331
676 173
10 611
415 40
76 887
349 677
576 279
79 332
10 325
11 996
488 983
278 228
626 677
422 990
279 149
101 149
67 285
729 936
859 873
551 631
746 564
314 174
447 462
411 261
289 996
896 140
237 998
58 171
437 72
833 743
850 831
559 805
993 338
91 161
863 967
994 786
955 536
305 675
478 466
926 163
603 10
419 839
683 498
21 519
925 81
711 544
432 714
821 96
548 744
164 805
274 165
440 197
227 159
648 312
618 596
285 803
260 828
294 51
156 48
62 750
908 650
655 399
408 610
312 733
261 192
558 702
151 892
86 403
758 385
227 347
28 280
839 192
92 587
273 167
912 378
566 907
35 261
540 274
118 770
230 328
946 25
766 622
641 973
969 456
880 797
398 728
884 765
67 957
68 386
434 724
757 26
560 618
903 474
7 289
807 347
713 92
842 312
646 632
849 524
116 5
443 223
427 690
378 562
62 935
501 636
488 932
361 442
793 852
862 590
933 516
779 438
121 602
853 777
289 678
626 713
418 2
614 110
712 994
183 439
901 632
542 874
708 118
267 888
15 750
508 12
863 938
777 955
379 55
543 324
30 425
252 9
57 13
204 356
333 328
377 808
893 368
548 701
941 922
302 856
583 569
416 235
237 125
19 54
155 63
21 908
425 371
647 712
687 623
54 808
234 945
230 837
520 320
830 125
134 564
436 260
790 735
94 312
630 414
902 553
87 765
792 643
334 890
529 304
128 868
235 928
214 674
576 868
283 342
196 541
714 222
718 702
870 981
576 354
410 95
226 761
580 714
11 753
802 732
500 826
384 429
224 172
940 690
542 650
666 201
380 551
987 585
391 245
789 307
794 411
239 368
978 281
438 50
370 476
614 187
122 171
155 295
364 967
12 451
328 952
183 362
354 936
478 930
119 616
597 244
211 613
324 460
987 132
592 564
429 546
445 688
392 548
988 746
538 553
65 581
36 769
642 539
458 700
574 710
441 970
11 488
341 865
87 349
768 173
21 575
668 398
320 548
257 463
536 808
598 237
977 448
778 301
601 966
798 680
303 266
965 550
734 554
863 810
582 572
425 248
407 312
709 872
907 784
288 160
398 165
95 101
504 526
946 413
588 787
144 943
786 114
957 251
338 621
576 387
394 903
658 184
893 326
439 565
465 886
155 222
452 628
3 2
44 686
652 429
681 395
156 595
876 290
435 540
832 920
968 207
219 606
628 306
476 39
508 24
871 110
819 563
34 457
117 427
801 721
130 262
284 769
600 386
495 219
922 347
825 652
805 686
591 381
557 189
300 426
525 143
992 282
833 794
87 3
471 416
552 978
368 975
907 368
787 294
54 507
155 592
358 941
184 64
627 340
366 424
722 576
108 679
489 931
122 775
839 296
180 219
882 781
296 440
821 566
969 919
951 771
645 128
316 794
354 69
445 122
946 385
468 973
288 315
408 624
771 310
240 36
351 688
683 994
502 228
862 132
735 926
826 934
520 197
978 897
170 578
942 284
908 852
191 808
766 992
88 199
16 356
535 407
630 493
331 605
926 880
643 46
975 205
945 298
362 140
382 203
737 968
98 642
253 870
509 220
58 372
426 752
823 273
410 425
430 940
197 879
805 608
76 880
441 469
760 245
686 221
615 137
445 806
766 15
362 817
37 839
443 789
704 135
548 341
901 515
382 638
505 824
916 64
521 560
462 654
55 517
919 976
336 73
855 34
548 666
207 979
209 366
406 947
435 705
401 412
630 657
246 750
247 67
618 597
893 518
714 660
967 842
769 637
557 758
66 179
752 446
443 218
493 848
921 903
250 679
173 823
820 463
17 368
74 745
537 832
19 473
773 832
724 274
486 709
641 802
398 959
352 761
34 619
23 22
731 843
936 113
455 587
849 976
739 324
761 252
925 807
841 902
805 349
776 425
26 8
745 656
945 342
861 218
538 239
188 804
615 975
373 480
489 227
435 709
883 431
404 140
390 315
358 463
563 618
34 497
987 413
269 630
223 967
496 836
63 622
28 995
567 14
587 454
632 75
686 360
543 33
547 34
401 828
788 312
772 837
846 114
557 133
155 845
394 251
416 415
772 980
555 492
459 467
1 978
797 295
24 195
216 159
981 555
67 167
294 917
522 977
81 263
801 14
950 617
772 665
829 600
702 222
557 585
178 618
86 99
53 282
75 510
539 559
762 668
65 164
636 181
673 421
752 474
648 229
298 290
853 180
857 49
731 536
680 534
844 281
558 731
596 394
410 745
50 274
431 243
288 355
821 519
473 937
458 63
390 858
709 550
767 368
684 868
442 523
446 935
140 246
987 829
516 361
444 348
541 682
566 121
875 96
892 834
72 915
666 397
794 198
614 463
151 327
797 585
586 100
552 44
117 466
889 173
177 89
896 521
325 353
254 89
22 323
393 922
873 353
825 518
1 196
662 147
913 842
991 845
580 376
50 523
971 941
552 729
612 937
105 41
458 987
772 914
742 175
409 585
967 718
73 980
826 250
349 789
194 864
232 51
752 826
471 268
337 872
925 103
94 616
480 784
375 65
712 180
716 387
918 464
376 360
350 784
481 583
977 570
373 721
87 531
592 159
611 397
169 226
888 774
796 9
229 750
639 635
195 914
847 622
23 376
243 958
252 944
934 778
437 866
518 981
649 906
435 321
98 413
932 20
852 246
875 191
734 246
990 156
633 897
300 976
983 717
909 170
307 922
434 778
509 326
1 405
225 119
689 768
552 8
956 378
983 358
487 352
991 784
6 928
395 411
381 110
613 986
537 406
539 403
715 803
555 534
992 428
439 995
957 866
855 315
413 196
489 358
287 703
474 466
902 392
561 778
712 138
343 244
172 749
642 589
367 242
404 360
703 884
405 529
688 147
945 516
855 25
582 819
473 267
769 374
608 474
664 92
338 946
916 759
66 394
583 627
389 158
455 141
630 549
928 87
164 769
243 719
872 253
640 739
924 43
763 117
161 689
880 311
644 186
203 474
938 923
942 579
711 130
507 848
701 168
994 402
614 843
796 156
855 778
728 650
53 741
259 122
758 42
575 544
559 175
445 347
838 402
490 292
904 756
188 146
852 121
681 628
264 197
571 467
954 457
918 100
867 604
746 791
728 822
512 995
325 424
788 592
880 977
83 154
637 735
81 973
278 737
997 759
92 203
419 269
564 861
12 388
72 103
238 340
129 224
309 30
868 715
941 257
546 339
784 452
659 560
253 425
293 978
745 17
512 478
507 923
574 524
849 115
79 560
329 919
510 778
650 247
651 658
69 989
452 195
935 218
630 662
298 45
136 192
138 946
204 183
31 692
274 373
997 510
783 87
803 781
682 70
352 813
649 151
887 3
708 758
623 517
519 349
446 686
35 641
308 651
771 277
531 320
938 782
278 359
944 847
942 718
728 214
717 674
478 366
886 123
134 906
528 669
969 381
531 482
145 355
270 838
776 475
649 595
987 833
353 113
880 878
310 321
706 806
324 165
976 764
594 839
831 694
745 433
852 371
709 22
585 24
89 841
9 625
992 118
701 594
524 237
940 148
566 336
617 792
693 595
513 245
237 567
827 277
773 532
124 367
927 942
940 163
327 731
835 93
793 391
389 52
191 120
449 329
871 714
972 867
169 602
919 613
333 727
778 420
475 871
592 918
275 162
369 3
464 281
172 746
856 555
503 216
878 508
679 245
242 354
899 400
957 514
959 837
504 645
748 920
34 630
21 876
579 974
193 31
398 716
717 612
99 213
359 287
554 194
320 53
987 911
221 331
512 54
745 849
737 789
23 170
500 181
356 945
550 697
787 729
352 484
300 892
323 549
236 558
662 950
476 93
832 813
101 632
942 166
67 552
139 151
310 375
370 587
724 164
107 680
163 234
789 162
576 337
18 358
537 42
77 289
885 634
57 244
299 57
363 618
133 736
81 55
634 813
507 381
72 270
935 303
369 380
918 731
9 291
1000 170
765 502
512 390
254 613
276 783
208 77
418 812
201 132
186 636
649 380
741 206
657 665
436 196
916 718
651 555
527 500
200 799
365 187
507 718
810 88
183 59
322 366
490 924
36 512
695 851
41 430
593 745
260 200
283 121
397 465
623 573
536 631
494 292
830 889
208 536
136 325
66 922
531 316
970 356
744 521
450 788
205 874
630 53
61 262
67 857
378 890
966 11
183 791
25 365
558 833
780 459
430 180
987 649
624 205
884 823
131 889
153 209
944 708
562 15
437 626
875 988
182 324
115 867
941 233
409 1000
301 74
927 426
289 514
733 71
776 782
228 529
525 379
694 338
680 508
438 28
993 879
997 803
376 851
250 884
767 905
91 440
382 361
883 132
59 838
333 91
82 349
985 852
33 359
509 890
59 695
245 800
73 758
159 624
237 912
882 327
789 777
385 467
336 111
321 477
674 91
591 514
284 374
656 961
53 191
915 204
973 382
130 730
800 796
485 548
927 669
779 46
511 548
238 868
384 563
242 347
722 721
1000 307
506 420
17 375
949 358
496 210
395 345
482 233
458 24
252 759
226 918
27 171
758 391
35 740
397 501
736 855
532 528
184 510
177 683
829 466
334 944
170 689
729 166
947 27
342 595
199 830
370 111
832 169
260 962
890 83
2 265
863 859
79 789
748 420
292 66
150 96
136 558
67 962
139 497
456 331
845 719
936 181
742 345
444 500
103 145
69 1
228 678
413 532
958 974
15 832
532 839
989 193
96 16
576 362
626 672
842 485
236 788
684 256
996 562
674 298
115 10
647 29
465 79
986 287
54 187
256 238
333 464
629 726
108 848
237 884
440 490
203 987
354 688
194 169
983 491
159 741
618 704
655 837
882 77
557 611
192 569
501 545
212 564
543 528
838 928
730 41
476 865
241 44
932 185
356 459
52 972
847 771
815 353
971 111
550 788
223 478
710 392
929 599
783 996
698 378
730 965
153 589
835 669
286 787
968 978
674 587
944 991
599 19
355 480
654 370
306 36
240 800
629 266
61 334
444 64
232 976
361 524
452 733
272 107
573 211
956 221
207 85
407 663
233 458
361 669
605 162
54 680
917 742
24 619
457 232
927 477
586 209
3 395
64 747
121 494
233 228
182 191
989 293
262 580
486 353
625 927
419 296
993 915
602 100
629 608
744 406
487 316
436 860
114 146
357 510
685 358
893 156
52 364
94 739
405 584
726 484
358 920
73 792
720 205
169 601
645 894
138 964
158 766
667 986
57 236
954 610
792 377
389 213
947 663
30 729
894 792
933 1000
818 354
90 287
237 412
592 181
316 877
564 59
661 827
486 204
522 531
482 52
908 568
528 89
916 879
942 944
852 877
766 943
625 285
697 632
537 979
153 986
870 633
11 532
670 837
583 156
386 80
951 15
631 688
615 783
942 453
903 269
32 600
273 418
277 298
545 189
893 538
92 21
55 229
922 160
465 715
413 555
423 878
296 635
480 392
353 894
146 825
970 86
516 687
646 746
978 26
693 517
77 922
702 813
975 763
101 170
764 638
595 157
868 453
280 173
445 717
786 651
417 84
950 446
589 214
204 308
208 191
704 724
357 274
656 599
910 888
968 841
117 358
152 278
158 364
731 442
398 287
488 77
885 577
228 359
817 774
240 349
515 761
69 694
30 580
363 409
549 493
415 623
507 902
735 22
592 288
830 894
687 979
47 112
239 984
554 868
824 616
684 842
31 957
72 546
344 775
182 571
349 10
689 949
909 168
916 802
531 922
218 915
577 728
540 452
409 126
546 649
819 647
838 225
832 778
568 884
680 366
131 534
560 900
727 552
842 462
367 30
404 20
7 153
466 957
379 484
659 534
327 636
115 478
479 577
907 484
238 408
440 463
683 381
635 516
736 622
375 834
181 120
590 220
350 577
21 751
188 768
722 428
427 200
551 147
665 564
6 268
246 641
946 715
503 18
125 540
332 474
170 13
8 480
635 211
467 581
530 285
334 425
952 55
890 770
754 255
207 655
709 841
804 979
41 393
683 854
522 600
384 743
567 603
674 655
967 22
35 378
481 323
652 622
26 904
819 39
655 341
92 611
553 503
38 377
699 116
615 625
905 562
302 194
451 772
88 202
952 627
883 777
644 873
648 364
235 250
457 4
221 35
886 279
293 755
10 668
16 5
144 74
897 652
129 314
992 782
477 202
315 19
157 716
340 710
785 471
131 741
978 448
300 212
853 896
395 40
71 839
760 248
888 45
50 638
641 417
44 96
779 31
200 190
845 786
811 910
824 627
110 272
628 213
722 366
426 307
907 256
707 359
783 833
538 620
464 17
377 784
198 870
801 254
950 273
293 562
241 856
722 400
206 513
928 511
341 806
33 221
180 100
19 30
369 101
618 592
694 407
386 36
436 189
289 405
743 125
528 866
781 400
402 287
117 658
246 62
925 657
123 289
431 216
108 59
827 687
128 377
630 336
244 523
235 952
145 966
221 357
916 827
463 216
943 367
773 934
187 298
886 488
210 649
359 40
25 24
144 39
642 314
53 739
43 649
813 707
151 316
83 932
690 14
448 941
89 941
3 381
408 459
448 988
158 667
380 543
126 239
76 768
974 793
111 825
447 699
744 783
715 911
483 879
871 768
521 281
732 74
189 961
685 956
542 991
346 300
988 915
29 879
366 811
703 680
483 589
656 733
198 928
470 837
641 175
437 4
591 423
849 204
78 270
375 856
197 644
203 971
384 815
629 641
423 198
669 234
119 343
929 69
158 369
142 666
595 846
219 357
868 400
171 134
99 360
463 715
262 610
411 804
798 688
325 726
15 174
256 37
618 284
549 711
472 165
787 174
471 937
807 787
294 930
460 446
818 552
891 994
506 76
880 369
164 394
19 393
174 743
611 112
979 911
444 121
501 120
486 740
982 761
197 351
714 843
329 303
213 779
44 710
282 255
467 185
468 230
92 730
990 167
781 120
378 727
41 925
978 358
173 136
943 996
755 552
754 941
349 455
867 662
918 532
227 823
858 803
984 666
175 164
438 135
3 486
651 306
476 392
375 760
858 722
620 981
688 959
41 253
629 801
387 980
708 432
600 601
837 340
585 395
400 601
922 498
906 991
35 500
879 414
517 743
132 667
483 617
745 94
102 717
17 845
931 497
437 24
538 565
996 297
232 54
730 861
512 408
824 410
74 793
346 34
309 94
167 16
375 173
301 714
363 749
332 32
80 9
890 874
503 9
379 7
161 328
18 339
184 23
403 503
26 838
616 122
411 768
892 223
450 806
89 158
52 22
754 216
541 214
264 62
193 72
302 602
85 74
839 465
557 844
744 877
425 420
711 155
948 383
786 110
847 619
389 635
356 738
565 498
515 709
588 821
729 249
550 505
454 354
383 24
844 542
938 599
649 536
10 790
982 628
624 112
272 37
899 64
957 330
960 82
801 806
732 974
53 977
607 414
59 156
628 662
870 836
231 954
748 352
922 133
851 25
706 876
340 530
326 549
954 274
984 234
427 766
764 701
802 990
237 731
953 602
914 944
758 683
923 642
146 941
223 681
116 799
57 255
542 791
420 293
767 536
919 747
314 262
902 399
650 508
635 662
444 901
621 919
252 222
822 214
437 124
974 269
707 114
105 292
384 791
557 492
190 239
156 267
865 911
475 711
704 991
869 315
372 837
335 116
119 36
240 491
901 112
1000 462
924 183
156 41
342 772
470 329
402 169
242 424
282 627
933 816
790 667
94 244
131 266
299 576
799 859
307 77
326 411
331 371
373 980
999 896
891 795
30 835
35 631
166 387
574 284
447 733
465 854
528 692
654 148
857 776
761 679
443 272
904 759
137 989
210 253
128 721
966 747
734 209
420 409
405 299
832 73
89 592
608 736
770 179
274 962
102 472
927 507
306 499
496 23
509 216
774 602
685 426
176 971
77 389
443 295
82 29
599 512
653 424
380 746
822 481
791 697
475 246
721 754
123 962
263 129
450 392
197 909
453 531
772 877
793 142
280 119
548 416
492 674
168 812
208 233
764 790
414 785
362 622
552 946
404 271
119 370
377 791
449 354
581 585
323 345
949 53
716 736
254 675
534 977
593 107
42 499
356 151
730 900
199 331
165 503
772 673
521 359
80 209
687 598
963 790
32 404
820 181
754 145
542 350
764 474
324 875
515 590
679 163
668 144
869 561
382 732
860 980
809 862
978 831
8 251
734 841
28 230
450 560
734 256
75 133
294 865
390 864
464 892
678 251
667 118
64 33
62 620
669 540
283 321
302 223
948 597
217 453
435 442
39 772
478 508
743 304
926 848
231 28
326 816
239 753
775 629
500 195
802 693
847 103
59 395
70 324
307 319
499 442
444 521
410 393
112 729
582 670
650 707
297 889
483 878
263 84
102 964
343 490
399 436
111 894
332 633
152 239
975 737
387 776
473 526
237 564
512 558
901 611
209 19
524 462
546 370
711 844
987 44
574 604
926 89
73 909
347 314
534 514
168 919
579 119
891 441
138 883
671 431
392 346
720 207
702 500
703 30
137 57
13 726
765 305
290 521
425 374
905 60
381 136
674 867
34 514
469 570
644 351
520 325
647 596
852 538
544 347
304 976
378 161
269 270
221 565
900 112
938 975
795 842
644 754
947 951
281 695
258 85
807 739
425 929
189 72
134 843
598 236
451 929
291 520
847 519
834 398
763 284
587 202
201 795
516 198
476 395
404 728
583 158
805 224
239 676
40 38
918 449
773 578
297 409
600 30
653 44
670 986
550 115
879 884
691 655
37 455
535 72
280 580
124 859
675 349
475 483
32 687
466 34
512 942
50 805
693 336
533 968
789 318
442 75
741 597
997 699
609 419
558 484
448 711
859 807
306 669
420 385
71 927
112 852
638 897
340 844
660 291
632 622
592 553
419 599
831 282
579 309
465 149
375 910
882 350
424 858
560 38
988 252
229 197
307 519
346 35
608 306
367 843
996 185
190 240
321 359
157 25
765 356
68 724
750 392
437 313
739 921
777 180
924 829
946 805
307 805
808 798
241 25
290 924
476 811
469 994
460 332
28 8
247 180
89 14
298 171
420 592
938 931
834 240
484 553
431 34
658 34
606 372
143 670
41 60
354 45
320 229
879 634
17 59
662 533
735 929
459 746
541 616
155 213
744 988
35 555
757 778
994 236
559 4
448 200
981 466
988 498
71 430
239 696
439 394
23 203
391 295
598 581
488 692
529 194
53 976
681 287
794 38
124 895
965 95
904 71
200 878
735 613
166 800
577 591
686 91
862 632
421 894
636 812
894 41
951 162
828 687
450 657
444 672
732 32
490 962
162 465
71 899
672 882
958 548
95 627
99 628
225 785
686 646
873 157
470 253
863 638
740 203
206 555
817 582
506 705
843 706
327 301
456 952
673 7
893 420
57 273
366 284
946 600
160 45
434 388
659 69
574 80
248 854
393 441
677 425
491 330
610 924
866 370
848 777
960 755
961 46
891 941
951 911
677 234
111 728
953 292
843 159
982 713
60 131
65 307
841 434
677 28
422 609
114 800
157 936
536 611
398 710
383 396
847 285
667 139
227 912
620 233
692 750
399 780
531 390
634 317
637 618
323 766
912 65
568 931
285 439
145 566
802 3
231 180
617 90
585 96
788 707
230 713
589 217
157 492
267 116
855 432
77 277
147 211
479 641
25 138
409 747
840 1
785 640
954 9
167 868
479 534
391 860
214 449
159 448
417 161
146 545
50 124
631 740
205 2
794 609
582 640
551 851
780 372
685 649
635 546
816 888
980 955
499 536
159 742
95 740
540 535
641 922
638 522
327 273
321 422
95 885
460 182
778 287
892 145
269 408
159 772
164 690
200 715
934 394
951 275
935 167
541 236
288 126
830 218
317 509
587 451
494 719
363 929
394 969
46 21
923 114
100 721
874 652
491 84
292 387
496 302
709 734
602 558
28 31
934 929
83 495
433 172
802 680
92 359
754 820
740 790
429 56
214 950
827 877
495 971
426 846
813 338
733 384
732 806
633 113
521 923
884 921
563 708
619 77
103 629
966 643
715 897
628 486
64 541
618 220
345 848
578 377
129 87
721 733
647 237
81 190
978 196
228 955
674 333
551 529
720 531
332 969
740 19
474 406
841 550
629 229
461 269
281 735
746 493
160 792
569 428
330 670
195 670
117 816
303 399
341 824
622 171
753 264
570 974
739 973
227 161
319 657
261 233
364 894
956 602
635 157
702 61
193 19
1000 669
912 559
749 510
53 519
915 340
520 420
653 760
766 835
216 91
678 149
4 364
303 944
586 316
625 793
718 785
679 565
451 303
634 32
600 112
140 243
344 814
1 531
345 94
526 267
305 901
211 47
504 35
417 700
73 50
366 649
228 746
482 742
68 371
90 727
421 857
82 83
409 897
673 732
529 912
659 801
107 684
54 981
197 806
828 644
704 410
559 532
570 319
440 728
292 601
647 209
101 215
676 679
626 630
59 687
388 559
724 683
618 466
176 321
530 880
489 286
128 484
458 855
168 997
595 958
566 205
470 214
352 957
851 665
972 899
835 141
982 236
238 844
96 869
961 295
8 980
433 846
819 243
808 686
777 381
691 763
414 67
442 761
633 584
562 628
601 97
467 392
213 244
929 444
787 829
181 598
735 19
177 695
350 55
709 628
361 798
433 441
765 792
469 465
986 551
524 289
312 522
204 552
667 384
687 77
14 281
622 626
403 802
723 921
852 243
581 475
429 862
651 116
912 184
145 303
454 307
97 214
650 836
939 837
927 368
675 747
18 582
311 207
849 684
866 770
555 509
173 234
783 877
418 755
951 415
554 679
444 579
498 6
513 486
306 604
737 128
245 779
738 554
281 347
335 904
963 339
379 520
755 981
161 190
927 837
626 922
682 664
761 415
721 950
618 368
523 120
12 707
955 501
349 798
6 481
203 27
11 445
251 784
458 730
497 176
99 708
817 581
42 428
222 415
670 298
732 595
158 478
911 4
114 266
924 177
166 84
189 173
377 693
143 25
530 171
571 957
697 362
90 127
938 900
78 947
890 381
819 187
691 941
14 475
967 19
481 320
635 419
197 126
108 97
516 8
447 944
79 864
229 845
718 841
723 949
207 204
374 343
766 629
736 568
866 951
116 266
814 207
144 77
629 84
352 416
650 971
300 832
338 196
550 596
510 145
93 919
75 692
538 4
477 376
775 817
903 380
851 55
562 190
768 513
902 826
92 81
595 58
63 624
790 91
250 805
417 326
272 463
601 951
997 835
564 858
410 597
837 298
381 254
458 909
629 904
227 139
462 353
300 388
525 637
324 258
474 435
827 381
828 914
254 21
814 613
769 292
297 697
898 704
189 525
190 318
66 376
198 869
272 907
935 64
539 827
100 15
275 141
350 947
977 859
892 146
730 53
968 610
497 446
781 572
329 581
890 302
506 55
235 671
571 985
256 844
749 830
188 271
632 941
438 707
147 530
459 804
649 884
148 337
283 466
601 83
295 991
848 532
758 11
634 13
900 832
464 781
999 823
654 374
322 743
877 407
571 532
771 54
684 781
442 480
919 86
460 857
908 197
953 980
131 804
336 818
830 742
213 736
841 143
992 813
87 520
804 148
715 563
220 115
497 722
757 404
116 12
926 643
604 489
641 845
421 821
836 148
672 861
751 475
879 278
419 300
257 409
719 889
870 511
964 112
170 302
718 3
314 333
31 430
392 527
564 685
714 902
882 312
167 920
494 721
632 303
267 974
270 419
885 820
483 300
734 791
237 229
54 421
460 68
85 337
711 509
57 266
591 887
117 928
389 209
905 415
216 399
415 849
713 989
53 356
901 182
943 335
577 121
513 598
257 645
26 515
51 236
645 194
435 200
202 804
430 336
527 802
730 474
986 576
496 508
919 148
191 793
438 606
640 945
352 667
776 365
780 333
781 362
308 551
509 459
183 782
645 629
978 722
580 674
840 527
268 8
452 829
917 661
170 806
562 100
153 994
606 869
954 394
537 354
667 995
28 831
827 249
21 162
296 639
206 230
641 508
33 636
418 259
275 555
991 843
975 342
524 142
263 186
395 450
405 805
82 370
902 49
396 1000
716 109
147 466
383 872
6 107
872 715
564 641
376 538
416 433
988 737
759 550
